1056.1667   -0.10    0.00   23.90   34.60    1994 11 22  4  0
1056.2083   -0.20    0.70   23.90   34.60    1994 11 22  5  0
1056.2500   -0.10    2.00   23.90   34.60    1994 11 22  6  0
1056.2917    0.00    3.10   23.90   34.60    1994 11 22  7  0
1056.3333   -0.10    2.70   23.90   34.60    1994 11 22  8  0
1056.3750   -0.60    1.10   23.90   34.60    1994 11 22  9  0
1056.4167   -1.20   -0.70   23.90   34.60    1994 11 22 10  0
1056.4583   -1.90   -2.30   23.90   34.60    1994 11 22 11  0
1056.5000   -2.90   -4.10   23.90   34.60    1994 11 22 12  0
1056.5417   -4.60   -5.90   23.90   34.60    1994 11 22 13  0
1056.5833   -6.90   -6.80   23.90   34.60    1994 11 22 14  0
1056.6250   -8.90   -6.00   23.90   34.60    1994 11 22 15  0
1056.6667  -10.10   -4.20   23.90   34.60    1994 11 22 16  0
1056.7083  -10.90   -2.00   23.80   34.70    1994 11 22 17  0
1056.7500  -11.10    1.30   23.80   34.60    1994 11 22 18  0
1056.7917  -11.00    5.10   23.80   34.60    1994 11 22 19  0
1056.8333  -11.60    7.20   23.80   34.60    1994 11 22 20  0
1056.8750  -12.50    7.90   23.80   34.50    1994 11 22 21  0
1056.9167  -12.40    8.70   23.80   34.50    1994 11 22 22  0
1056.9583  -11.20    9.50   23.70   34.50    1994 11 22 23  0
1057.0000   -9.70    9.00   23.70   34.40    1994 11 23  0  0
1057.0417   -8.60    6.80   23.70   34.30    1994 11 23  1  0
1057.0833   -8.30    4.00   23.60   34.40    1994 11 23  2  0
1057.1250   -8.40    1.20   23.60   34.40    1994 11 23  3  0
1057.1667   29.57   -1.10   23.60   34.40    1994 11 23  4  0
1057.2083   -9.70   -1.90   23.60   34.40    1994 11 23  5  0
1057.2500   -9.80   -1.90   23.60   34.40    1994 11 23  6  0
1057.2917   -9.60   -1.60   23.50   34.50    1994 11 23  7  0
1057.3333  -10.00   -0.90   23.50   34.50    1994 11 23  8  0
1057.3750  -10.70   -0.30   23.50   34.40    1994 11 23  9  0
1057.4167  -11.60    0.20   23.50   34.30    1994 11 23 10  0
1057.4583  -12.90    0.10   23.50   34.20    1994 11 23 11  0
1057.5000  -14.10   -1.70   23.40   34.30    1994 11 23 12  0
1057.5417  -14.60   -4.10   23.40   34.30    1994 11 23 13  0
1057.5833  -15.60   -5.80   23.40   34.30    1994 11 23 14  0
1057.6250  -17.80   -6.50   23.30   34.30    1994 11 23 15  0
1057.6667  -18.90   -5.50   23.30   34.20    1994 11 23 16  0
1057.7083  -19.00   -3.10   23.30   34.20    1994 11 23 17  0
1057.7500  -19.10   -0.30   23.20   34.30    1994 11 23 18  0
1057.7917  -18.70    2.90   23.20   34.30    1994 11 23 19  0
1057.8333  -17.80    6.10   23.20   34.30    1994 11 23 20  0
1057.8750  -17.00    7.90   23.20   34.40    1994 11 23 21  0
1057.9167  -15.80    8.70   23.20   34.50    1994 11 23 22  0
1057.9583  -13.90    8.60   23.20   34.50    1994 11 23 23  0
1058.0000  -12.70    7.00   23.20   34.50    1994 11 24  0  0
1058.0417  -12.20    4.10   23.20   34.50    1994 11 24  1  0
1058.0833  -11.80    1.10   23.20   34.50    1994 11 24  2  0
1058.1250  -11.60   -1.20   23.10   34.40    1994 11 24  3  0
1058.1667  -11.60   -2.20   23.10   34.40    1994 11 24  4  0
1058.2083    0.00    0.00   23.10   34.40    1994 11 24  5  0
1058.2500  -11.90   -2.70   23.00   34.40    1994 11 24  6  0
1058.2917  -12.00   -2.20   23.00   34.40    1994 11 24  7  0
1058.3333  -11.90   -1.60   23.00   34.40    1994 11 24  8  0
1058.3750  -11.70   -1.80   23.00   34.40    1994 11 24  9  0
1058.4167  -11.70   -2.10   23.00   34.40    1994 11 24 10  0
1058.4583  -12.00   -2.50   23.00   34.40    1994 11 24 11  0
1058.5000  -12.30   -3.60   22.90   34.50    1994 11 24 12  0
1058.5417  -13.00   -5.30   22.90   34.50    1994 11 24 13  0
1058.5833  -14.00   -6.70   22.90   34.50    1994 11 24 14  0
1058.6250  -14.90   -7.10   22.90   34.50    1994 11 24 15  0
1058.6667  -15.90   -6.40   22.90   34.40    1994 11 24 16  0
1058.7083  -16.70   -4.90   22.90   34.30    1994 11 24 17  0
1058.7500  -16.30   -2.40   22.80   34.30    1994 11 24 18  0
1058.7917  -15.20    0.50   22.80   34.30    1994 11 24 19  0
1058.8333  -14.10    2.60   22.80   34.20    1994 11 24 20  0
1058.8750  -12.90    4.10   22.80   34.20    1994 11 24 21  0
1058.9167  -11.90    5.60   22.80   34.20    1994 11 24 22  0
1058.9583  -11.80    6.20   22.80   34.20    1994 11 24 23  0
1059.0000  -11.60    5.80   22.80   34.20    1994 11 25  0  0
1059.0417   -9.80    4.50   22.70   34.20    1994 11 25  1  0
1059.0833   -7.70    1.90   22.70   34.10    1994 11 25  2  0
1059.1250   -6.90   -0.90   22.70   34.10    1994 11 25  3  0
1059.1667   -6.70   -2.60   22.70   34.10    1994 11 25  4  0
1059.2083   -6.30   -3.00   22.70   34.10    1994 11 25  5  0
1059.2500   -5.90   50.00   22.70   34.10    1994 11 25  6  0
1059.2917   -5.80   -2.80   22.70   34.10    1994 11 25  7  0
1059.3333   -6.00   -2.50   22.70   34.10    1994 11 25  8  0
1059.3750   -6.10   -2.30   22.70   34.10    1994 11 25  9  0
1059.4167   -6.10   -2.40   22.70   34.10    1994 11 25 10  0
1059.4583   -6.00   -2.40   22.70   34.10    1994 11 25 11  0
1059.5000   -5.70   -2.60   22.60   34.20    1994 11 25 12  0
1059.5417   -5.30   -3.50   22.60   34.20    1994 11 25 13  0
1059.5833   -4.70   -4.60   22.70   34.10    1994 11 25 14  0
1059.6250   -4.40   -5.50   22.70   34.10    1994 11 25 15  0
1059.6667   -4.60   -5.60   22.70   34.10    1994 11 25 16  0
1059.7083   -5.10   -4.60   22.70   34.00    1994 11 25 17  0
1059.7500   -5.30   -3.20   22.70   34.00    1994 11 25 18  0
1059.7917   -4.90   -1.80   22.70   34.00    1994 11 25 19  0
1059.8333   -4.30   -0.50   22.70   34.00    1994 11 25 20  0
1059.8750  -44.00    7.80   22.60   34.10    1994 11 25 21  0
1059.9167   -3.50    2.30   22.70   34.00    1994 11 25 22  0
1059.9583   -2.40    4.20   22.70   34.00    1994 11 25 23  0
1060.0000   -1.30    5.50   22.60   34.10    1994 11 26  0  0
1060.0417   -0.10    5.90   22.60   34.10    1994 11 26  1  0
1060.0833    1.30    5.20   22.60   34.10    1994 11 26  2  0
1060.1250    2.20    3.60   22.60   34.10    1994 11 26  3  0
1060.1667    2.60    1.90   22.60   34.10    1994 11 26  4  0
1060.2083    3.10    0.60   22.60   34.10    1994 11 26  5  0
1060.2500    3.50   -0.30   22.60   34.10    1994 11 26  6  0
1060.2917    3.90   -0.80   22.60   34.10    1994 11 26  7  0
1060.3333    4.00   -1.10   22.70   34.00    1994 11 26  8  0
1060.3750    3.80   -1.10   22.70   34.00    1994 11 26  9  0
1060.4167    4.00    0.40   22.60   34.10    1994 11 26 10  0
1060.4583    4.70    2.30   22.60   34.10    1994 11 26 11  0
1060.5000    5.40    3.10   22.60   34.20    1994 11 26 12  0
1060.5417    5.90    3.10   22.60   34.20    1994 11 26 13  0
1060.5833    6.10    3.00   22.60   34.20    1994 11 26 14  0
1060.6250    6.40    2.10   22.70   34.10    1994 11 26 15  0
1060.6667    6.80    0.50   22.70   34.10    1994 11 26 16  0
1060.7083    7.10   -0.90   22.70   34.10    1994 11 26 17  0
1060.7500    6.50   -2.60   22.70   34.10    1994 11 26 18  0
1060.7917    5.20   -3.90   22.70   34.10    1994 11 26 19  0
1060.8333    5.10   -2.20   22.70   34.10    1994 11 26 20  0
1060.8750    6.40    0.80   22.80   34.00    1994 11 26 21  0
1060.9167    7.30    3.20   22.80   34.00    1994 11 26 22  0
1060.9583    7.30    5.20   22.80   34.00    1994 11 26 23  0
1061.0000    7.00    6.50   22.80   34.00    1994 11 27  0  0
1061.0417    6.70    6.80   22.70   34.10    1994 11 27  1  0
1061.0833    6.00    6.50   22.70   34.10    1994 11 27  2  0
1061.1250    5.20    5.20   22.70   34.10    1994 11 27  3  0
1061.1667    5.50    2.70   22.70   34.10    1994 11 27  4  0
1061.2083    6.10   -0.60   22.70   34.10    1994 11 27  5  0
1061.2500    5.40   -4.00   22.70   34.10    1994 11 27  6  0
1061.2917    4.40   -5.60   22.70   34.20    1994 11 27  7  0
1061.3333    4.40   -5.30   22.70   34.20    1994 11 27  8  0
1061.3750    4.70   -4.40   22.70   34.20    1994 11 27  9  0
1061.4167    5.00   -2.70   22.70   34.20    1994 11 27 10  0
1061.4583    5.50    0.20   22.70   34.20    1994 11 27 11  0
1061.5000    5.60    2.60   22.70   34.20    1994 11 27 12  0
1061.5417    5.10    4.10   22.70   34.20    1994 11 27 13  0
1061.5833    4.80    4.20   22.70   34.20    1994 11 27 14  0
1061.6250    5.10    2.40   22.70   34.20    1994 11 27 15  0
1061.6667    5.20    0.00   22.70   34.20    1994 11 27 16  0
1061.7083    4.70   -1.70   22.70   34.20    1994 11 27 17  0
1061.7500    4.20   -3.30   22.80   34.10    1994 11 27 18  0
1061.7917    3.00   -4.60   22.80   34.50    1994 11 27 19  0
1061.8333    0.50   -4.20   22.80   33.70    1994 11 27 20  0
1061.8750   -1.90   -2.00   22.80   31.20    1994 11 27 21  0
1061.9167   -2.30    0.40   22.80   29.30    1994 11 27 22  0
1061.9583   -0.90    2.50   22.80   29.20    1994 11 27 23  0
1062.0000    0.40    3.90   22.80   29.20    1994 11 28  0  0
1062.0417    0.10    3.80   22.80   29.10    1994 11 28  1  0
1062.0833   -0.70    3.00   22.80   29.10    1994 11 28  2  0
1062.1250   -0.30    2.30   22.80   29.00    1994 11 28  3  0
1062.1667    0.30    0.60   22.80   28.90    1994 11 28  4  0
1062.2083   -1.10   -2.40   22.80   28.90    1994 11 28  5  0
1062.2500   -3.60   -6.60   22.80   28.80    1994 11 28  6  0
1062.2917   -6.10  -10.50   22.80   28.60    1994 11 28  7  0
1062.3333   -8.90  -10.60   22.70   28.70    1994 11 28  8  0
1062.3750    5.90  -14.10   22.70   28.80    1994 11 28  9  0
1062.4167  -11.40   -6.20   22.70   28.40    1994 11 28 10  0
1062.4583  -11.60   -3.70   22.70   29.20    1994 11 28 11  0
1062.5000  -11.80   -0.30   22.70   32.20    1994 11 28 12  0
1062.5417  -11.70    2.10   22.70   34.50    1994 11 28 13  0
1062.5833  -11.50    3.50   22.60   34.50    1994 11 28 14  0
1062.6250  -11.50    4.10   22.60   34.20    1994 11 28 15  0
1062.6667  -11.70    3.10   22.60   34.30    1994 11 28 16  0
1062.7083  -11.80    1.50   22.60   34.30    1994 11 28 17  0
1062.7500  -12.00   -0.80   22.60   34.30    1994 11 28 18  0
1062.7917  -13.50   -4.20   22.60   34.40    1994 11 28 19  0
1062.8333  -15.50   -5.80   22.60   34.20    1994 11 28 20  0
1062.8750  -16.10   -5.40   22.60   34.30    1994 11 28 21  0
1062.9167  -15.70   -5.10   22.50   34.70    1994 11 28 22  0
1062.9583  -15.70   -4.00   22.50   33.60    1994 11 28 23  0
1063.0000  -15.70   -0.90   22.50   30.30    1994 11 29  0  0
1063.0417  -15.20    2.50   22.50   28.20    1994 11 29  1  0
1063.0833  -14.80    4.50   22.50   28.50    1994 11 29  2  0
1063.1250  -14.60    4.60   22.50   28.90    1994 11 29  3  0
1063.1667  -14.50    2.80   22.50   28.90    1994 11 29  4  0
1063.2083  -14.80   -0.80   22.40   28.90    1994 11 29  5  0
1063.2500  -16.20   -4.50   22.40   28.90    1994 11 29  6  0
1063.2917  -17.80   -7.20   22.40   28.80    1994 11 29  7  0
1063.3333  -19.80   -9.10   22.40   29.00    1994 11 29  8  0
1063.3750  -23.10  -10.10   22.30   29.10    1994 11 29  9  0
1063.4167  -25.60   -9.20   22.30   28.80    1994 11 29 10  0
1063.4583  -26.20   -6.30   22.20   29.50    1994 11 29 11  0
1063.5000  -26.10   -1.40   22.30   32.30    1994 11 29 12  0
1063.5417  -25.40    4.20   22.30   34.40    1994 11 29 13  0
1063.5833  -24.30    8.00   22.30   34.40    1994 11 29 14  0
1063.6250  -23.50    9.70   22.30   34.30    1994 11 29 15  0
1063.6667  -22.30   10.80   22.30   34.40    1994 11 29 16  0
1063.7083  -20.00   10.80   22.30   34.30    1994 11 29 17  0
1063.7500  -17.70    8.70   22.30   34.20    1994 11 29 18  0
1063.7917  -16.60    5.60   22.30   34.20    1994 11 29 19  0
1063.8333  -16.30    2.00   22.20   34.20    1994 11 29 20  0
1063.8750  -16.10   -1.80   22.20   34.20    1994 11 29 21  0
1063.9167  -15.90   -3.90   22.20   34.10    1994 11 29 22  0
1063.9583  -15.70   -3.50   22.10   34.10    1994 11 29 23  0
1064.0000  -14.70   -1.90   22.10   34.10    1994 11 30  0  0
1064.0417  -13.80   -0.60   22.10   34.00    1994 11 30  1  0
1064.0833  -13.50    0.30   22.00   33.90    1994 11 30  2  0
1064.1250  -13.10    1.30   22.00   34.20    1994 11 30  3  0
1064.1667  -12.20    1.80   22.00   33.40    1994 11 30  4  0
1064.2083  -11.90    0.30   21.90   30.60    1994 11 30  5  0
1064.2500  -12.10   -2.40   21.90   28.20    1994 11 30  6  0
1064.2917  -12.40   -5.60   21.90   27.90    1994 11 30  7  0
1064.3333  -13.50   -9.30   21.80   28.30    1994 11 30  8  0
1064.3750  -16.30  -11.20   21.80   28.50    1994 11 30  9  0
1064.4167  -19.10  -10.40   21.80   28.90    1994 11 30 10  0
1064.4583  -20.60   -8.80   21.70   30.40    1994 11 30 11  0
