           0           0           0       1400  -25.44333      -44.76667    
      2.000   0.0000   0.0000  23.2402  36.9946  25.3950
      4.000   0.0000   0.0000  23.2349  36.9949  25.3967
      6.000   0.0000   0.0000  23.2256  36.9953  25.3998
      8.000   0.0000   0.0000  23.2165  36.9956  25.4026
     10.000   0.0000   0.0000  23.2163  36.9952  25.4024
     12.000   0.0000   0.0000  23.2186  36.9952  25.4017
     14.000   0.0000   0.0000  23.2158  36.9950  25.4024
     16.000   0.0000   0.0000  23.2078  36.9956  25.4052
     18.000   0.0000   0.0000  23.2048  36.9956  25.4060
     20.000   0.0000   0.0000  23.2032  36.9953  25.4063
     22.000   0.0000   0.0000  23.2026  36.9956  25.4067
     24.000   0.0000   0.0000  23.2016  36.9953  25.4068
     26.000   0.0000   0.0000  23.2010  36.9953  25.4069
     28.000   0.0000   0.0000  23.1985  36.9953  25.4077
     30.000   0.0000   0.0000  23.1992  36.9954  25.4076
     32.000   0.0000   0.0000  23.1985  36.9950  25.4075
     34.000   0.0000   0.0000  23.1958  36.9951  25.4083
     36.000   0.0000   0.0000  23.1957  36.9952  25.4085
     38.000   0.0000   0.0000  23.1923  36.9949  25.4092
     40.000   0.0000   0.0000  23.1786  36.9950  25.4133
     42.000   0.0000   0.0000  23.1716  36.9951  25.4154
     44.000   0.0000   0.0000  23.1620  36.9956  25.4186
     46.000   0.0000   0.0000  23.1599  36.9954  25.4190
     48.000   0.0000   0.0000  23.1513  36.9955  25.4216
     50.000   0.0000   0.0000  23.1421  36.9961  25.4247
     52.000   0.0000   0.0000  23.1363  36.9953  25.4258
     54.000   0.0000   0.0000  23.0800  36.9942  25.4414
     56.000   0.0000   0.0000  23.0595  36.9922  25.4458
     58.000   0.0000   0.0000  23.0504  36.9915  25.4479
     60.000   0.0000   0.0000  23.0500  36.9932  25.4494
     62.000   0.0000   0.0000  23.0396  36.9927  25.4520
     64.000   0.0000   0.0000  23.0330  36.9921  25.4535
     66.000   0.0000   0.0000  23.0260  36.9913  25.4549
     68.000   0.0000   0.0000  23.0083  36.9877  25.4573
     70.000   0.0000   0.0000  23.0070  36.9865  25.4568
     72.000   0.0000   0.0000  22.9879  36.9824  25.4592
     74.000   0.0000   0.0000  22.9543  36.9744  25.4629
     76.000   0.0000   0.0000  22.8937  36.9568  25.4671
     78.000   0.0000   0.0000  22.8357  36.9420  25.4727
     80.000   0.0000   0.0000  22.7862  36.9310  25.4786
     82.000   0.0000   0.0000  22.7603  36.9235  25.4804
     84.000   0.0000   0.0000  22.7529  36.9250  25.4837
     86.000   0.0000   0.0000  22.7200  36.9170  25.4871
     88.000   0.0000   0.0000  22.6780  36.9058  25.4907
     90.000   0.0000   0.0000  22.6780  36.9049  25.4900
     92.000   0.0000   0.0000  22.6357  36.8926  25.4928
     94.000   0.0000   0.0000  22.5869  36.8783  25.4960
     96.000   0.0000   0.0000  22.5507  36.8692  25.4995
     98.000   0.0000   0.0000  22.4930  36.8540  25.5045
    100.000   0.0000   0.0000  22.4517  36.8408  25.5063
    102.000   0.0000   0.0000  22.3903  36.8239  25.5110
    104.000   0.0000   0.0000  22.3276  36.8114  25.5193
    106.000   0.0000   0.0000  22.3051  36.8047  25.5207
    108.000   0.0000   0.0000  22.2608  36.7928  25.5243
    110.000   0.0000   0.0000  22.1650  36.7710  25.5350
    112.000   0.0000   0.0000  22.1446  36.7671  25.5377
    114.000   0.0000   0.0000  22.0248  36.7461  25.5557
    116.000   0.0000   0.0000  21.9931  36.7410  25.5607
    118.000   0.0000   0.0000  21.7571  36.6930  25.5906
    120.000   0.0000   0.0000  21.7246  36.6794  25.5894
    122.000   0.0000   0.0000  21.3026  36.6098  25.6539
    124.000   0.0000   0.0000  21.2050  36.5851  25.6620
    126.000   0.0000   0.0000  21.0179  36.5468  25.6843
    128.000   0.0000   0.0000  20.8880  36.5213  25.7004
    130.000   0.0000   0.0000  20.8027  36.5068  25.7126
    132.000   0.0000   0.0000  20.7407  36.4945  25.7201
    134.000   0.0000   0.0000  20.6061  36.4722  25.7396
    136.000   0.0000   0.0000  20.4349  36.4462  25.7660
    138.000   0.0000   0.0000  20.4237  36.4330  25.7589
    140.000   0.0000   0.0000  20.2239  36.4013  25.7884
    142.000   0.0000   0.0000  20.0570  36.3718  25.8104
    144.000   0.0000   0.0000  19.9849  36.3546  25.8164
    146.000   0.0000   0.0000  19.9049  36.3354  25.8230
    148.000   0.0000   0.0000  19.6005  36.2924  25.8703
    150.000   0.0000   0.0000  19.4968  36.2611  25.8735
    152.000   0.0000   0.0000  19.4322  36.2450  25.8781
    154.000   0.0000   0.0000  19.2615  36.2217  25.9046
    156.000   0.0000   0.0000  19.1807  36.2011  25.9098
    158.000   0.0000   0.0000  19.1568  36.1965  25.9125
    160.000   0.0000   0.0000  18.9720  36.1628  25.9343
    162.000   0.0000   0.0000  18.9503  36.1579  25.9361
    164.000   0.0000   0.0000  18.9149  36.1537  25.9420
    166.000   0.0000   0.0000  18.8625  36.1412  25.9459
    168.000   0.0000   0.0000  18.7959  36.1331  25.9566
    170.000   0.0000   0.0000  18.7421  36.1255  25.9646
    172.000   0.0000   0.0000  18.5977  36.1030  25.9841
    174.000   0.0000   0.0000  18.4273  36.0761  26.0065
    176.000   0.0000   0.0000  18.3897  36.0629  26.0058
    178.000   0.0000   0.0000  18.1606  36.0303  26.0383
    180.000   0.0000   0.0000  17.9060  35.9891  26.0700
    182.000   0.0000   0.0000  17.8578  35.9680  26.0658
    184.000   0.0000   0.0000  17.8218  35.9582  26.0671
    186.000   0.0000   0.0000  17.7266  35.9444  26.0800
    188.000   0.0000   0.0000  17.7092  35.9475  26.0867
    190.000   0.0000   0.0000  17.6356  35.9365  26.0963
    192.000   0.0000   0.0000  17.4786  35.9143  26.1175
    194.000   0.0000   0.0000  17.4567  35.9040  26.1150
    196.000   0.0000   0.0000  17.3702  35.8934  26.1279
    198.000   0.0000   0.0000  17.3209  35.8837  26.1324
    200.000   0.0000   0.0000  17.2066  35.8647  26.1454
    202.000   0.0000   0.0000  17.1192  35.8522  26.1569
    204.000   0.0000   0.0000  17.0708  35.8382  26.1577
    206.000   0.0000   0.0000  17.0320  35.8299  26.1607
    208.000   0.0000   0.0000  16.9836  35.8226  26.1667
    210.000   0.0000   0.0000  16.9294  35.8126  26.1720
    212.000   0.0000   0.0000  16.7884  35.7904  26.1885
    214.000   0.0000   0.0000  16.7674  35.7845  26.1889
    216.000   0.0000   0.0000  16.7022  35.7757  26.1976
    218.000   0.0000   0.0000  16.6376  35.7636  26.2036
    220.000   0.0000   0.0000  16.6317  35.7606  26.2027
    222.000   0.0000   0.0000  16.5449  35.7490  26.2142
    224.000   0.0000   0.0000  16.3814  35.7223  26.2320
    226.000   0.0000   0.0000  16.2780  35.7053  26.2431
    228.000   0.0000   0.0000  16.2528  35.6981  26.2434
    230.000   0.0000   0.0000  16.2542  35.6970  26.2422
    232.000   0.0000   0.0000  16.2572  35.6972  26.2416
    234.000   0.0000   0.0000  16.2501  35.6997  26.2452
    236.000   0.0000   0.0000  16.2308  35.6968  26.2474
    238.000   0.0000   0.0000  16.1925  35.6898  26.2510
    240.000   0.0000   0.0000  16.1365  35.6793  26.2559
    242.000   0.0000   0.0000  16.0755  35.6664  26.2600
    244.000   0.0000   0.0000  16.0671  35.6617  26.2584
    246.000   0.0000   0.0000  15.9848  35.6545  26.2718
    248.000   0.0000   0.0000  15.9308  35.6575  26.2866
    250.000   0.0000   0.0000  15.7876  35.6292  26.2975
    252.000   0.0000   0.0000  15.7423  35.6162  26.2978
    254.000   0.0000   0.0000  15.6103  35.5900  26.3077
    256.000   0.0000   0.0000  15.5913  35.5849  26.3081
    258.000   0.0000   0.0000  15.5795  35.5814  26.3080
    260.000   0.0000   0.0000  15.5476  35.5756  26.3108
    262.000   0.0000   0.0000  15.5385  35.5727  26.3106
    264.000   0.0000   0.0000  15.5053  35.5781  26.3223
    266.000   0.0000   0.0000  15.4540  35.5694  26.3271
    268.000   0.0000   0.0000  15.3477  35.5525  26.3380
    270.000   0.0000   0.0000  15.3312  35.5503  26.3399
    272.000   0.0000   0.0000  15.3210  35.5481  26.3406
    274.000   0.0000   0.0000  15.2993  35.5479  26.3452
    276.000   0.0000   0.0000  15.2586  35.5401  26.3483
    278.000   0.0000   0.0000  15.2452  35.5348  26.3473
    280.000   0.0000   0.0000  15.1089  35.5196  26.3659
    282.000   0.0000   0.0000  15.0502  35.5108  26.3721
    284.000   0.0000   0.0000  14.9264  35.4916  26.3846
    286.000   0.0000   0.0000  14.8607  35.4805  26.3905
    288.000   0.0000   0.0000  14.7872  35.4746  26.4021
    290.000   0.0000   0.0000  14.7435  35.4676  26.4062
    292.000   0.0000   0.0000  14.6590  35.4560  26.4158
    294.000   0.0000   0.0000  14.5868  35.4432  26.4216
    296.000   0.0000   0.0000  14.5249  35.4343  26.4281
    298.000   0.0000   0.0000  14.4626  35.4241  26.4337
    300.000   0.0000   0.0000  14.4296  35.4166  26.4350
    302.000   0.0000   0.0000  14.4262  35.4159  26.4352
    304.000   0.0000   0.0000  14.3774  35.4141  26.4443
    306.000   0.0000   0.0000  14.3458  35.4079  26.4463
    308.000   0.0000   0.0000  14.2788  35.4019  26.4561
    310.000   0.0000   0.0000  14.2246  35.3931  26.4608
    312.000   0.0000   0.0000  14.2034  35.3886  26.4619
    314.000   0.0000   0.0000  14.1681  35.3860  26.4674
    316.000   0.0000   0.0000  14.1523  35.3847  26.4698
    318.000   0.0000   0.0000  14.1468  35.3850  26.4712
    320.000   0.0000   0.0000  14.1465  35.3873  26.4730
    322.000   0.0000   0.0000  14.1260  35.3871  26.4772
    324.000   0.0000   0.0000  14.0971  35.3823  26.4797
    326.000   0.0000   0.0000  14.0383  35.3773  26.4883
    328.000   0.0000   0.0000  13.9913  35.3764  26.4975
    330.000   0.0000   0.0000  13.8748  35.3546  26.5052
    332.000   0.0000   0.0000  13.8301  35.3495  26.5107
    334.000   0.0000   0.0000  13.7799  35.3409  26.5146
    336.000   0.0000   0.0000  13.7744  35.3397  26.5148
    338.000   0.0000   0.0000  13.7596  35.3381  26.5166
    340.000   0.0000   0.0000  13.7169  35.3377  26.5252
    342.000   0.0000   0.0000  13.7270  35.3521  26.5343
    344.000   0.0000   0.0000  13.6129  35.3340  26.5440
    346.000   0.0000   0.0000  13.6105  35.3342  26.5447
    348.000   0.0000   0.0000  13.4541  35.3036  26.5534
    350.000   0.0000   0.0000  13.4014  35.2972  26.5593
    352.000   0.0000   0.0000  13.3546  35.2880  26.5618
    354.000   0.0000   0.0000  13.3122  35.2823  26.5661
    356.000   0.0000   0.0000  13.2116  35.2672  26.5749
    358.000   0.0000   0.0000  13.1495  35.2596  26.5817
    360.000   0.0000   0.0000  13.0984  35.2524  26.5865
    362.000   0.0000   0.0000  13.0633  35.2471  26.5895
    364.000   0.0000   0.0000  13.0227  35.2416  26.5935
    366.000   0.0000   0.0000  13.0047  35.2369  26.5934
    368.000   0.0000   0.0000  12.9574  35.2316  26.5989
    370.000   0.0000   0.0000  12.8115  35.2138  26.6144
    372.000   0.0000   0.0000  12.7494  35.2005  26.6165
    374.000   0.0000   0.0000  12.6971  35.1904  26.6191
    376.000   0.0000   0.0000  12.6700  35.1844  26.6198
    378.000   0.0000   0.0000  12.6529  35.1808  26.6204
    380.000   0.0000   0.0000  12.5846  35.1736  26.6284
    382.000   0.0000   0.0000  12.5557  35.1690  26.6305
    384.000   0.0000   0.0000  12.5297  35.1644  26.6321
    386.000   0.0000   0.0000  12.4938  35.1609  26.6364
    388.000   0.0000   0.0000  12.4701  35.1577  26.6386
    390.000   0.0000   0.0000  12.4081  35.1516  26.6461
    392.000   0.0000   0.0000  12.3609  35.1441  26.6495
    394.000   0.0000   0.0000  12.3404  35.1405  26.6507
    396.000   0.0000   0.0000  12.3063  35.1375  26.6551
    398.000   0.0000   0.0000  12.2074  35.1274  26.6664
    400.000   0.0000   0.0000  12.1724  35.1195  26.6671
    402.000   0.0000   0.0000  12.1415  35.1151  26.6697
    404.000   0.0000   0.0000  12.0546  35.1014  26.6758
    406.000   0.0000   0.0000  11.9348  35.0922  26.6916
    408.000   0.0000   0.0000  11.9005  35.0821  26.6903
    410.000   0.0000   0.0000  11.8386  35.0728  26.6949
    412.000   0.0000   0.0000  11.7335  35.0612  26.7058
    414.000   0.0000   0.0000  11.7045  35.0529  26.7049
    416.000   0.0000   0.0000  11.6647  35.0481  26.7087
    418.000   0.0000   0.0000  11.6459  35.0449  26.7098
    420.000   0.0000   0.0000  11.5763  35.0365  26.7163
    422.000   0.0000   0.0000  11.4997  35.0263  26.7227
    424.000   0.0000   0.0000  11.4315  35.0195  26.7301
    426.000   0.0000   0.0000  11.3666  35.0088  26.7339
    428.000   0.0000   0.0000  11.3164  35.0008  26.7370
    430.000   0.0000   0.0000  11.2358  34.9919  26.7449
    432.000   0.0000   0.0000  11.1883  34.9850  26.7483
    434.000   0.0000   0.0000  11.1261  34.9776  26.7540
    436.000   0.0000   0.0000  11.1064  34.9735  26.7544
    438.000   0.0000   0.0000  11.0967  34.9710  26.7542
    440.000   0.0000   0.0000  11.0658  34.9671  26.7569
    442.000   0.0000   0.0000  10.9969  34.9596  26.7635
    444.000   0.0000   0.0000  10.9092  34.9488  26.7710
    446.000   0.0000   0.0000  10.8478  34.9428  26.7774
    448.000   0.0000   0.0000  10.8052  34.9363  26.7800
    450.000   0.0000   0.0000  10.6923  34.9243  26.7910
    452.000   0.0000   0.0000  10.6103  34.9165  26.7995
    454.000   0.0000   0.0000  10.5798  34.9090  26.7991
    456.000   0.0000   0.0000  10.4710  34.8980  26.8097
    458.000   0.0000   0.0000  10.4608  34.8944  26.8087
    460.000   0.0000   0.0000  10.4471  34.8919  26.8092
    462.000   0.0000   0.0000  10.4215  34.8885  26.8110
    464.000   0.0000   0.0000  10.4025  34.8860  26.8125
    466.000   0.0000   0.0000  10.3609  34.8812  26.8160
    468.000   0.0000   0.0000  10.3068  34.8748  26.8204
    470.000   0.0000   0.0000  10.2781  34.8704  26.8220
    472.000   0.0000   0.0000  10.1342  34.8578  26.8372
    474.000   0.0000   0.0000  10.0682  34.8493  26.8420
    476.000   0.0000   0.0000  10.0051  34.8403  26.8458
    478.000   0.0000   0.0000   9.9923  34.8378  26.8461
    480.000   0.0000   0.0000   9.9696  34.8344  26.8473
    482.000   0.0000   0.0000   9.9481  34.8315  26.8486
    484.000   0.0000   0.0000   9.9405  34.8297  26.8486
    486.000   0.0000   0.0000   9.9377  34.8292  26.8487
    488.000   0.0000   0.0000   9.9349  34.8285  26.8486
    490.000   0.0000   0.0000   9.9227  34.8269  26.8494
    492.000   0.0000   0.0000   9.8984  34.8247  26.8519
    494.000   0.0000   0.0000   9.8249  34.8234  26.8633
    496.000   0.0000   0.0000   9.6952  34.8061  26.8718
    498.000   0.0000   0.0000   9.6579  34.8004  26.8736
    500.000   0.0000   0.0000   9.5777  34.7949  26.8827
    502.000   0.0000   0.0000   9.4743  34.7854  26.8925
    504.000   0.0000   0.0000   9.4359  34.7797  26.8944
    506.000   0.0000   0.0000   9.4172  34.7762  26.8948
    508.000   0.0000   0.0000   9.3018  34.7667  26.9063
    510.000   0.0000   0.0000   9.2280  34.7543  26.9087
    512.000   0.0000   0.0000   9.1816  34.7490  26.9121
    514.000   0.0000   0.0000   9.1446  34.7438  26.9140
    516.000   0.0000   0.0000   9.1134  34.7407  26.9167
    518.000   0.0000   0.0000   9.0957  34.7373  26.9169
    520.000   0.0000   0.0000   9.0553  34.7330  26.9201
    522.000   0.0000   0.0000   9.0398  34.7304  26.9205
    524.000   0.0000   0.0000   9.0289  34.7288  26.9211
    526.000   0.0000   0.0000   8.9938  34.7253  26.9240
    528.000   0.0000   0.0000   8.9690  34.7222  26.9255
    530.000   0.0000   0.0000   8.9511  34.7201  26.9268
    532.000   0.0000   0.0000   8.8725  34.7123  26.9333
    534.000   0.0000   0.0000   8.8680  34.7101  26.9322
    536.000   0.0000   0.0000   8.8147  34.7077  26.9388
    538.000   0.0000   0.0000   8.7710  34.7002  26.9399
    540.000   0.0000   0.0000   8.7546  34.6976  26.9404
    542.000   0.0000   0.0000   8.7507  34.6957  26.9396
    544.000   0.0000   0.0000   8.7365  34.6942  26.9406
    546.000   0.0000   0.0000   8.7130  34.6924  26.9430
    548.000   0.0000   0.0000   8.6448  34.6867  26.9492
    550.000   0.0000   0.0000   8.6263  34.6828  26.9491
    552.000   0.0000   0.0000   8.6060  34.6804  26.9504
    554.000   0.0000   0.0000   8.5794  34.6775  26.9522
    556.000   0.0000   0.0000   8.5339  34.6737  26.9564
    558.000   0.0000   0.0000   8.4907  34.6703  26.9604
    560.000   0.0000   0.0000   8.4700  34.6663  26.9605
    562.000   0.0000   0.0000   8.4401  34.6623  26.9621
    564.000   0.0000   0.0000   8.4244  34.6603  26.9629
    566.000   0.0000   0.0000   8.4013  34.6580  26.9646
    568.000   0.0000   0.0000   8.3277  34.6516  26.9709
    570.000   0.0000   0.0000   8.3084  34.6485  26.9715
    572.000   0.0000   0.0000   8.2224  34.6400  26.9780
    574.000   0.0000   0.0000   8.2096  34.6375  26.9780
    576.000   0.0000   0.0000   8.1663  34.6329  26.9810
    578.000   0.0000   0.0000   8.1105  34.6267  26.9845
    580.000   0.0000   0.0000   8.0683  34.6213  26.9866
    582.000   0.0000   0.0000   8.0487  34.6180  26.9871
    584.000   0.0000   0.0000   8.0130  34.6152  26.9902
    586.000   0.0000   0.0000   7.9551  34.6080  26.9932
    588.000   0.0000   0.0000   7.9538  34.6066  26.9923
    590.000   0.0000   0.0000   7.8618  34.6000  27.0009
    592.000   0.0000   0.0000   7.8430  34.5960  27.0005
    594.000   0.0000   0.0000   7.8326  34.5944  27.0007
    596.000   0.0000   0.0000   7.8308  34.5968  27.0029
    598.000   0.0000   0.0000   7.8117  34.5961  27.0052
    600.000   0.0000   0.0000   7.7835  34.5934  27.0073
    602.000   0.0000   0.0000   7.7365  34.5895  27.0111
    604.000   0.0000   0.0000   7.7176  34.5871  27.0120
    606.000   0.0000   0.0000   7.7031  34.5853  27.0127
    608.000   0.0000   0.0000   7.6631  34.5819  27.0159
    610.000   0.0000   0.0000   7.5281  34.5696  27.0259
    612.000   0.0000   0.0000   7.5074  34.5660  27.0261
    614.000   0.0000   0.0000   7.4872  34.5620  27.0258
    616.000   0.0000   0.0000   7.4824  34.5612  27.0258
    618.000   0.0000   0.0000   7.4726  34.5589  27.0255
    620.000   0.0000   0.0000   7.4120  34.5546  27.0308
    622.000   0.0000   0.0000   7.3791  34.5515  27.0331
    624.000   0.0000   0.0000   7.3411  34.5446  27.0331
    626.000   0.0000   0.0000   7.1920  34.5340  27.0459
    628.000   0.0000   0.0000   7.1082  34.5218  27.0481
    630.000   0.0000   0.0000   7.0509  34.5179  27.0530
    632.000   0.0000   0.0000   7.0166  34.5131  27.0539
    634.000   0.0000   0.0000   6.9832  34.5099  27.0561
    636.000   0.0000   0.0000   6.9024  34.5053  27.0636
    638.000   0.0000   0.0000   6.8883  34.5017  27.0627
    640.000   0.0000   0.0000   6.8530  34.4979  27.0646
    642.000   0.0000   0.0000   6.8241  34.4952  27.0665
    644.000   0.0000   0.0000   6.7069  34.4889  27.0774
    646.000   0.0000   0.0000   6.7029  34.4850  27.0749
    648.000   0.0000   0.0000   6.6928  34.4827  27.0744
    650.000   0.0000   0.0000   6.6588  34.4793  27.0763
    652.000   0.0000   0.0000   6.6467  34.4775  27.0765
    654.000   0.0000   0.0000   6.6415  34.4752  27.0755
    656.000   0.0000   0.0000   6.5586  34.4688  27.0816
    658.000   0.0000   0.0000   6.5217  34.4642  27.0828
    660.000   0.0000   0.0000   6.4433  34.4588  27.0890
    662.000   0.0000   0.0000   6.4399  34.4577  27.0886
    664.000   0.0000   0.0000   6.4036  34.4545  27.0908
    666.000   0.0000   0.0000   6.4136  34.4537  27.0889
    668.000   0.0000   0.0000   6.4219  34.4537  27.0878
    670.000   0.0000   0.0000   6.4228  34.4529  27.0871
    672.000   0.0000   0.0000   6.4167  34.4530  27.0879
    674.000   0.0000   0.0000   6.3724  34.4510  27.0922
    676.000   0.0000   0.0000   6.3274  34.4468  27.0948
    678.000   0.0000   0.0000   6.1635  34.4356  27.1073
    680.000   0.0000   0.0000   6.1107  34.4269  27.1072
    682.000   0.0000   0.0000   6.0971  34.4299  27.1113
    684.000   0.0000   0.0000   6.0950  34.4284  27.1104
    686.000   0.0000   0.0000   6.0561  34.4256  27.1132
    688.000   0.0000   0.0000   6.0154  34.4246  27.1176
    690.000   0.0000   0.0000   6.0008  34.4228  27.1180
    692.000   0.0000   0.0000   5.9431  34.4196  27.1229
    694.000   0.0000   0.0000   5.9311  34.4191  27.1240
    696.000   0.0000   0.0000   5.9275  34.4211  27.1260
    698.000   0.0000   0.0000   5.8780  34.4191  27.1306
    700.000   0.0000   0.0000   5.8325  34.4110  27.1300
    702.000   0.0000   0.0000   5.7940  34.4062  27.1310
    704.000   0.0000   0.0000   5.7875  34.4039  27.1300
    706.000   0.0000   0.0000   5.8069  34.4084  27.1311
    708.000   0.0000   0.0000   5.7903  34.4096  27.1342
    710.000   0.0000   0.0000   5.7834  34.4089  27.1345
    712.000   0.0000   0.0000   5.7534  34.4072  27.1368
    714.000   0.0000   0.0000   5.7389  34.4059  27.1376
    716.000   0.0000   0.0000   5.6707  34.4018  27.1429
    718.000   0.0000   0.0000   5.6505  34.3978  27.1422
    720.000   0.0000   0.0000   5.6181  34.3959  27.1446
    722.000   0.0000   0.0000   5.5111  34.3864  27.1502
    724.000   0.0000   0.0000   5.4769  34.3800  27.1493
    726.000   0.0000   0.0000   5.4500  34.3767  27.1499
    728.000   0.0000   0.0000   5.4404  34.3754  27.1500
    730.000   0.0000   0.0000   5.4279  34.3745  27.1509
    732.000   0.0000   0.0000   5.3820  34.3712  27.1537
    734.000   0.0000   0.0000   5.3787  34.3697  27.1530
    736.000   0.0000   0.0000   5.3611  34.3694  27.1548
    738.000   0.0000   0.0000   5.3467  34.3670  27.1546
    740.000   0.0000   0.0000   5.3404  34.3664  27.1549
    742.000   0.0000   0.0000   5.3312  34.3660  27.1557
    744.000   0.0000   0.0000   5.3211  34.3649  27.1561
    746.000   0.0000   0.0000   5.3201  34.3650  27.1563
    748.000   0.0000   0.0000   5.3115  34.3644  27.1568
    750.000   0.0000   0.0000   5.3047  34.3640  27.1573
    752.000   0.0000   0.0000   5.2966  34.3640  27.1583
    754.000   0.0000   0.0000   5.2602  34.3628  27.1616
    756.000   0.0000   0.0000   5.2369  34.3611  27.1631
    758.000   0.0000   0.0000   5.2182  34.3598  27.1642
    760.000   0.0000   0.0000   5.2029  34.3596  27.1659
    762.000   0.0000   0.0000   5.1848  34.3591  27.1676
    764.000   0.0000   0.0000   5.1724  34.3585  27.1686
    766.000   0.0000   0.0000   5.1608  34.3573  27.1690
    768.000   0.0000   0.0000   5.1553  34.3568  27.1692
    770.000   0.0000   0.0000   5.1232  34.3557  27.1722
    772.000   0.0000   0.0000   5.1016  34.3550  27.1741
    774.000   0.0000   0.0000   5.0936  34.3569  27.1765
    776.000   0.0000   0.0000   5.0946  34.3575  27.1769
    778.000   0.0000   0.0000   5.0910  34.3583  27.1779
    780.000   0.0000   0.0000   5.0631  34.3562  27.1795
    782.000   0.0000   0.0000   5.0150  34.3529  27.1825
    784.000   0.0000   0.0000   4.9928  34.3509  27.1835
    786.000   0.0000   0.0000   4.9743  34.3492  27.1842
    788.000   0.0000   0.0000   4.9635  34.3488  27.1851
    790.000   0.0000   0.0000   4.9475  34.3471  27.1857
    792.000   0.0000   0.0000   4.9199  34.3457  27.1877
    794.000   0.0000   0.0000   4.8942  34.3445  27.1897
    796.000   0.0000   0.0000   4.8873  34.3441  27.1901
    798.000   0.0000   0.0000   4.8869  34.3427  27.1891
    800.000   0.0000   0.0000   4.8839  34.3428  27.1895
    802.000   0.0000   0.0000   4.8691  34.3428  27.1912
    804.000   0.0000   0.0000   4.8427  34.3416  27.1933
    806.000   0.0000   0.0000   4.8373  34.3405  27.1930
    808.000   0.0000   0.0000   4.8347  34.3416  27.1942
    810.000   0.0000   0.0000   4.8242  34.3420  27.1957
    812.000   0.0000   0.0000   4.7935  34.3418  27.1990
    814.000   0.0000   0.0000   4.7878  34.3406  27.1987
    816.000   0.0000   0.0000   4.7641  34.3403  27.2011
    818.000   0.0000   0.0000   4.7550  34.3391  27.2012
    820.000   0.0000   0.0000   4.7487  34.3387  27.2016
    822.000   0.0000   0.0000   4.7424  34.3380  27.2017
    824.000   0.0000   0.0000   4.7170  34.3380  27.2046
    826.000   0.0000   0.0000   4.7009  34.3374  27.2059
    828.000   0.0000   0.0000   4.6865  34.3371  27.2073
    830.000   0.0000   0.0000   4.6547  34.3367  27.2106
    832.000   0.0000   0.0000   4.6487  34.3354  27.2101
    834.000   0.0000   0.0000   4.6489  34.3346  27.2095
    836.000   0.0000   0.0000   4.6445  34.3348  27.2101
    838.000   0.0000   0.0000   4.6388  34.3348  27.2108
    840.000   0.0000   0.0000   4.6252  34.3349  27.2123
    842.000   0.0000   0.0000   4.6119  34.3346  27.2136
    844.000   0.0000   0.0000   4.6109  34.3338  27.2131
    846.000   0.0000   0.0000   4.6078  34.3335  27.2132
    848.000   0.0000   0.0000   4.6007  34.3344  27.2146
    850.000   0.0000   0.0000   4.6000  34.3336  27.2141
    852.000   0.0000   0.0000   4.5950  34.3342  27.2152
    854.000   0.0000   0.0000   4.5920  34.3336  27.2150
    856.000   0.0000   0.0000   4.5715  34.3348  27.2182
    858.000   0.0000   0.0000   4.5650  34.3342  27.2185
    860.000   0.0000   0.0000   4.5559  34.3344  27.2197
    862.000   0.0000   0.0000   4.5403  34.3349  27.2218
    864.000   0.0000   0.0000   4.5283  34.3345  27.2227
    866.000   0.0000   0.0000   4.5018  34.3346  27.2257
    868.000   0.0000   0.0000   4.4941  34.3343  27.2263
    870.000   0.0000   0.0000   4.4932  34.3331  27.2255
    872.000   0.0000   0.0000   4.4883  34.3339  27.2266
    874.000   0.0000   0.0000   4.4863  34.3332  27.2263
    876.000   0.0000   0.0000   4.4802  34.3335  27.2272
    878.000   0.0000   0.0000   4.4778  34.3335  27.2274
    880.000   0.0000   0.0000   4.4672  34.3333  27.2285
    882.000   0.0000   0.0000   4.4532  34.3331  27.2299
    884.000   0.0000   0.0000   4.4430  34.3323  27.2303
    886.000   0.0000   0.0000   4.4160  34.3318  27.2329
    888.000   0.0000   0.0000   4.4123  34.3309  27.2325
    890.000   0.0000   0.0000   4.4038  34.3308  27.2334
    892.000   0.0000   0.0000   4.3884  34.3295  27.2340
    894.000   0.0000   0.0000   4.3759  34.3319  27.2373
    896.000   0.0000   0.0000   4.3634  34.3332  27.2396
    898.000   0.0000   0.0000   4.3591  34.3332  27.2401
    900.000   0.0000   0.0000   4.3541  34.3334  27.2408
    902.000   0.0000   0.0000   4.3519  34.3330  27.2407
    904.000   0.0000   0.0000   4.3479  34.3337  27.2417
    906.000   0.0000   0.0000   4.3331  34.3341  27.2436
    908.000   0.0000   0.0000   4.3233  34.3338  27.2444
    910.000   0.0000   0.0000   4.3187  34.3337  27.2448
    912.000   0.0000   0.0000   4.3038  34.3355  27.2479
    914.000   0.0000   0.0000   4.2988  34.3354  27.2484
    916.000   0.0000   0.0000   4.2905  34.3363  27.2499
    918.000   0.0000   0.0000   4.2786  34.3381  27.2526
    920.000   0.0000   0.0000   4.2741  34.3368  27.2521
    922.000   0.0000   0.0000   4.2657  34.3363  27.2526
    924.000   0.0000   0.0000   4.2556  34.3368  27.2541
    926.000   0.0000   0.0000   4.2429  34.3360  27.2548
    928.000   0.0000   0.0000   4.2337  34.3393  27.2584
    930.000   0.0000   0.0000   4.2272  34.3382  27.2581
    932.000   0.0000   0.0000   4.2163  34.3379  27.2591
    934.000   0.0000   0.0000   4.2031  34.3369  27.2597
    936.000   0.0000   0.0000   4.1642  34.3356  27.2628
    938.000   0.0000   0.0000   4.1367  34.3320  27.2628
    940.000   0.0000   0.0000   4.1151  34.3319  27.2650
    942.000   0.0000   0.0000   4.1159  34.3316  27.2647
    944.000   0.0000   0.0000   4.1147  34.3315  27.2647
    946.000   0.0000   0.0000   4.1116  34.3317  27.2652
    948.000   0.0000   0.0000   4.0951  34.3314  27.2666
    950.000   0.0000   0.0000   4.0901  34.3317  27.2674
    952.000   0.0000   0.0000   4.0892  34.3316  27.2674
    954.000   0.0000   0.0000   4.0739  34.3330  27.2702
    956.000   0.0000   0.0000   4.0653  34.3333  27.2713
    958.000   0.0000   0.0000   4.0559  34.3359  27.2744
    960.000   0.0000   0.0000   4.0505  34.3364  27.2753
    962.000   0.0000   0.0000   4.0420  34.3363  27.2761
    964.000   0.0000   0.0000   4.0367  34.3360  27.2764
    966.000   0.0000   0.0000   4.0322  34.3364  27.2772
    968.000   0.0000   0.0000   4.0309  34.3359  27.2769
    970.000   0.0000   0.0000   4.0224  34.3370  27.2787
    972.000   0.0000   0.0000   4.0166  34.3374  27.2796
    974.000   0.0000   0.0000   4.0016  34.3374  27.2811
    976.000   0.0000   0.0000   4.0015  34.3374  27.2812
    978.000   0.0000   0.0000   3.9996  34.3370  27.2810
    980.000   0.0000   0.0000   3.9977  34.3382  27.2822
    982.000   0.0000   0.0000   3.9855  34.3384  27.2836
    984.000   0.0000   0.0000   3.9835  34.3380  27.2835
    986.000   0.0000   0.0000   3.9813  34.3379  27.2837
    988.000   0.0000   0.0000   3.9764  34.3381  27.2843
    990.000   0.0000   0.0000   3.9736  34.3378  27.2843
    992.000   0.0000   0.0000   3.9681  34.3387  27.2856
    994.000   0.0000   0.0000   3.9686  34.3377  27.2848
    996.000   0.0000   0.0000   3.9586  34.3380  27.2861
    998.000   0.0000   0.0000   3.9406  34.3371  27.2872
   1000.000   0.0000   0.0000   3.9376  34.3372  27.2876
   1002.000   0.0000   0.0000   3.9267  34.3383  27.2896
   1004.000   0.0000   0.0000   3.9224  34.3391  27.2906
   1006.000   0.0000   0.0000   3.9128  34.3386  27.2913
   1008.000   0.0000   0.0000   3.9096  34.3393  27.2921
   1010.000   0.0000   0.0000   3.9101  34.3384  27.2913
   1012.000   0.0000   0.0000   3.9094  34.3391  27.2920
   1014.000   0.0000   0.0000   3.9100  34.3379  27.2910
   1016.000   0.0000   0.0000   3.9018  34.3393  27.2929
   1018.000   0.0000   0.0000   3.8979  34.3393  27.2933
   1020.000   0.0000   0.0000   3.8951  34.3405  27.2945
   1022.000   0.0000   0.0000   3.8936  34.3410  27.2951
   1024.000   0.0000   0.0000   3.8806  34.3419  27.2972
   1026.000   0.0000   0.0000   3.8765  34.3416  27.2973
   1028.000   0.0000   0.0000   3.8682  34.3423  27.2987
   1030.000   0.0000   0.0000   3.8671  34.3417  27.2984
   1032.000   0.0000   0.0000   3.8612  34.3428  27.2998
   1034.000   0.0000   0.0000   3.8609  34.3422  27.2994
   1036.000   0.0000   0.0000   3.8571  34.3432  27.3005
   1038.000   0.0000   0.0000   3.8573  34.3424  27.2999
   1040.000   0.0000   0.0000   3.8541  34.3431  27.3008
   1042.000   0.0000   0.0000   3.8513  34.3435  27.3014
   1044.000   0.0000   0.0000   3.8496  34.3431  27.3013
