           0           0           0        450  -25.30500      -44.88334    
      2.000   0.0000   0.0000  23.3099  36.6715  25.1297
      4.000   0.0000   0.0000  23.3597  36.8465  25.2478
      6.000   0.0000   0.0000  23.3602  36.8469  25.2479
      8.000   0.0000   0.0000  23.3599  36.8471  25.2482
     10.000   0.0000   0.0000  23.3590  36.8473  25.2485
     12.000   0.0000   0.0000  23.3520  36.8481  25.2512
     14.000   0.0000   0.0000  23.3442  36.8491  25.2542
     16.000   0.0000   0.0000  23.3328  36.8506  25.2588
     18.000   0.0000   0.0000  23.3320  36.8512  25.2595
     20.000   0.0000   0.0000  23.3311  36.8510  25.2596
     22.000   0.0000   0.0000  23.3317  36.8510  25.2594
     24.000   0.0000   0.0000  23.3275  36.8504  25.2602
     26.000   0.0000   0.0000  23.3237  36.8496  25.2607
     28.000   0.0000   0.0000  23.3271  36.8511  25.2608
     30.000   0.0000   0.0000  23.3252  36.8507  25.2611
     32.000   0.0000   0.0000  23.3230  36.8500  25.2612
     34.000   0.0000   0.0000  23.3224  36.8504  25.2616
     36.000   0.0000   0.0000  23.3235  36.8507  25.2616
     38.000   0.0000   0.0000  23.3267  36.8521  25.2617
     40.000   0.0000   0.0000  23.3271  36.8528  25.2621
     42.000   0.0000   0.0000  23.3224  36.8521  25.2629
     44.000   0.0000   0.0000  23.3312  36.8586  25.2653
     46.000   0.0000   0.0000  23.3225  36.8663  25.2736
     48.000   0.0000   0.0000  23.2411  36.8739  25.3033
     50.000   0.0000   0.0000  23.1702  36.8964  25.3410
     52.000   0.0000   0.0000  23.2046  36.9390  25.3632
     54.000   0.0000   0.0000  23.2762  36.9761  25.3704
     56.000   0.0000   0.0000  23.2623  36.9969  25.3903
     58.000   0.0000   0.0000  23.2404  36.9981  25.3976
     60.000   0.0000   0.0000  23.2207  36.9990  25.4040
     62.000   0.0000   0.0000  23.2201  36.9980  25.4034
     64.000   0.0000   0.0000  23.1912  36.9963  25.4106
     66.000   0.0000   0.0000  23.1746  36.9937  25.4135
     68.000   0.0000   0.0000  23.0566  36.9681  25.4284
     70.000   0.0000   0.0000  22.9984  36.9514  25.4326
     72.000   0.0000   0.0000  22.8339  36.9095  25.4486
     74.000   0.0000   0.0000  22.4596  36.8296  25.4955
     76.000   0.0000   0.0000  22.4164  36.8153  25.4970
     78.000   0.0000   0.0000  22.3518  36.7976  25.5020
     80.000   0.0000   0.0000  22.1680  36.7592  25.5251
     82.000   0.0000   0.0000  22.1421  36.7584  25.5318
     84.000   0.0000   0.0000  22.0944  36.7537  25.5418
     86.000   0.0000   0.0000  22.0467  36.7419  25.5463
     88.000   0.0000   0.0000  21.9320  36.7194  25.5615
     90.000   0.0000   0.0000  21.8840  36.7065  25.5652
     92.000   0.0000   0.0000  21.5943  36.6570  25.6087
     94.000   0.0000   0.0000  21.4574  36.6303  25.6266
     96.000   0.0000   0.0000  21.3091  36.6011  25.6454
     98.000   0.0000   0.0000  21.1625  36.5680  25.6607
    100.000   0.0000   0.0000  21.0969  36.5518  25.6664
    102.000   0.0000   0.0000  21.0558  36.5417  25.6700
    104.000   0.0000   0.0000  21.0391  36.5367  25.6707
    106.000   0.0000   0.0000  21.0250  36.5340  25.6726
    108.000   0.0000   0.0000  20.9999  36.5293  25.6758
    110.000   0.0000   0.0000  20.8723  36.5068  25.6937
    112.000   0.0000   0.0000  20.7633  36.4811  25.7037
    114.000   0.0000   0.0000  20.5966  36.4439  25.7206
    116.000   0.0000   0.0000  20.4818  36.4174  25.7314
    118.000   0.0000   0.0000  20.4254  36.4008  25.7339
    120.000   0.0000   0.0000  20.2952  36.3755  25.7496
    122.000   0.0000   0.0000  20.3028  36.3829  25.7533
    124.000   0.0000   0.0000  20.2578  36.3796  25.7628
    126.000   0.0000   0.0000  20.2018  36.3775  25.7761
    128.000   0.0000   0.0000  20.1628  36.3757  25.7852
    130.000   0.0000   0.0000  19.9183  36.3383  25.8217
    132.000   0.0000   0.0000  19.8578  36.3227  25.8257
    134.000   0.0000   0.0000  19.6068  36.2765  25.8566
    136.000   0.0000   0.0000  19.3688  36.2265  25.8805
    138.000   0.0000   0.0000  19.1655  36.1950  25.9091
    140.000   0.0000   0.0000  18.9629  36.1567  25.9320
    142.000   0.0000   0.0000  18.8503  36.1367  25.9455
    144.000   0.0000   0.0000  18.6229  36.0991  25.9747
    146.000   0.0000   0.0000  18.5201  36.0806  25.9866
    148.000   0.0000   0.0000  18.4594  36.0679  25.9921
    150.000   0.0000   0.0000  18.4211  36.0579  25.9942
    152.000   0.0000   0.0000  18.3753  36.0510  26.0004
    154.000   0.0000   0.0000  18.3054  36.0394  26.0091
    156.000   0.0000   0.0000  18.1529  36.0206  26.0328
    158.000   0.0000   0.0000  18.0550  36.0050  26.0453
    160.000   0.0000   0.0000  17.9114  35.9795  26.0613
    162.000   0.0000   0.0000  17.8453  35.9647  26.0664
    164.000   0.0000   0.0000  17.8234  35.9588  26.0672
    166.000   0.0000   0.0000  17.7717  35.9507  26.0737
    168.000   0.0000   0.0000  17.6473  35.9328  26.0906
    170.000   0.0000   0.0000  17.4723  35.9036  26.1109
    172.000   0.0000   0.0000  17.4468  35.8961  26.1114
    174.000   0.0000   0.0000  17.4044  35.8876  26.1151
    176.000   0.0000   0.0000  17.3678  35.8809  26.1189
    178.000   0.0000   0.0000  17.3627  35.8795  26.1191
    180.000   0.0000   0.0000  17.2379  35.8602  26.1345
    182.000   0.0000   0.0000  17.2237  35.8567  26.1352
    184.000   0.0000   0.0000  17.2081  35.8531  26.1362
    186.000   0.0000   0.0000  17.0955  35.8369  26.1509
    188.000   0.0000   0.0000  17.0349  35.8260  26.1570
    190.000   0.0000   0.0000  16.9994  35.8190  26.1602
    192.000   0.0000   0.0000  16.8345  35.7999  26.1848
    194.000   0.0000   0.0000  16.6715  35.7694  26.2000
    196.000   0.0000   0.0000  16.6657  35.7631  26.1966
    198.000   0.0000   0.0000  16.6452  35.7582  26.1976
    200.000   0.0000   0.0000  16.6331  35.7568  26.1994
    202.000   0.0000   0.0000  16.6301  35.7564  26.1998
    204.000   0.0000   0.0000  16.6269  35.7590  26.2026
    206.000   0.0000   0.0000  16.4130  35.7308  26.2311
    208.000   0.0000   0.0000  16.2752  35.6988  26.2387
    210.000   0.0000   0.0000  16.2125  35.6864  26.2437
    212.000   0.0000   0.0000  16.1377  35.6749  26.2522
    214.000   0.0000   0.0000  16.1142  35.6691  26.2532
    216.000   0.0000   0.0000  16.0916  35.6649  26.2552
    218.000   0.0000   0.0000  16.0675  35.6640  26.2600
    220.000   0.0000   0.0000  16.0210  35.6605  26.2681
    222.000   0.0000   0.0000  15.9925  35.6522  26.2683
    224.000   0.0000   0.0000  15.9077  35.6416  26.2796
    226.000   0.0000   0.0000  15.7464  35.6147  26.2958
    228.000   0.0000   0.0000  15.7333  35.6106  26.2956
    230.000   0.0000   0.0000  15.6329  35.5951  26.3065
    232.000   0.0000   0.0000  15.5936  35.5870  26.3092
    234.000   0.0000   0.0000  15.4505  35.5654  26.3249
    236.000   0.0000   0.0000  15.4074  35.5552  26.3267
    238.000   0.0000   0.0000  15.2574  35.5329  26.3431
    240.000   0.0000   0.0000  15.2326  35.5267  26.3439
    242.000   0.0000   0.0000  15.2144  35.5234  26.3454
    244.000   0.0000   0.0000  15.1886  35.5179  26.3469
    246.000   0.0000   0.0000  15.1134  35.5102  26.3577
    248.000   0.0000   0.0000  15.0788  35.5017  26.3587
    250.000   0.0000   0.0000  15.0065  35.4940  26.3688
    252.000   0.0000   0.0000  14.7805  35.4683  26.3987
    254.000   0.0000   0.0000  14.6918  35.4548  26.4076
    256.000   0.0000   0.0000  14.6253  35.4474  26.4164
    258.000   0.0000   0.0000  14.5370  35.4392  26.4293
    260.000   0.0000   0.0000  14.4949  35.4320  26.4328
    262.000   0.0000   0.0000  14.4149  35.4252  26.4448
    264.000   0.0000   0.0000  14.3983  35.4203  26.4446
    266.000   0.0000   0.0000  14.2878  35.4064  26.4576
    268.000   0.0000   0.0000  14.2482  35.3987  26.4601
    270.000   0.0000   0.0000  14.1100  35.3823  26.4769
    272.000   0.0000   0.0000  13.9870  35.3669  26.4911
    274.000   0.0000   0.0000  13.8280  35.3489  26.5106
    276.000   0.0000   0.0000  13.5718  35.3154  26.5382
    278.000   0.0000   0.0000  13.4429  35.2964  26.5502
    280.000   0.0000   0.0000  13.3061  35.2848  26.5693
    282.000   0.0000   0.0000  12.7023  35.2099  26.6331
    284.000   0.0000   0.0000  12.6840  35.1988  26.6282
    286.000   0.0000   0.0000  12.5916  35.1865  26.6370
    288.000   0.0000   0.0000  12.4787  35.1748  26.6502
    290.000   0.0000   0.0000  12.4434  35.1660  26.6503
    292.000   0.0000   0.0000  12.4201  35.1606  26.6507
    294.000   0.0000   0.0000  12.2021  35.1400  26.6772
    296.000   0.0000   0.0000  12.1398  35.1291  26.6808
    298.000   0.0000   0.0000  11.9484  35.1031  26.6975
    300.000   0.0000   0.0000  11.9654  35.0991  26.6911
    302.000   0.0000   0.0000  11.9390  35.0948  26.6928
    304.000   0.0000   0.0000  11.6925  35.0666  26.7178
    306.000   0.0000   0.0000  11.6561  35.0596  26.7192
    308.000   0.0000   0.0000  11.6469  35.0555  26.7178
    310.000   0.0000   0.0000  11.6151  35.0501  26.7196
    312.000   0.0000   0.0000  11.5940  35.0478  26.7217
    314.000   0.0000   0.0000  11.5431  35.0398  26.7251
    316.000   0.0000   0.0000  11.5038  35.0333  26.7274
    318.000   0.0000   0.0000  11.4555  35.0282  26.7324
    320.000   0.0000   0.0000  11.4263  35.0222  26.7332
    322.000   0.0000   0.0000  11.4020  35.0196  26.7357
    324.000   0.0000   0.0000  11.3376  35.0142  26.7434
    326.000   0.0000   0.0000  11.3210  35.0089  26.7425
    328.000   0.0000   0.0000  11.2902  35.0041  26.7444
    330.000   0.0000   0.0000  11.2820  35.0027  26.7448
    332.000   0.0000   0.0000  11.2223  34.9972  26.7515
    334.000   0.0000   0.0000  11.1421  34.9870  26.7583
    336.000   0.0000   0.0000  11.1315  34.9836  26.7576
    338.000   0.0000   0.0000  11.0961  34.9789  26.7605
    340.000   0.0000   0.0000  11.0751  34.9759  26.7619
    342.000   0.0000   0.0000  11.0539  34.9729  26.7635
    344.000   0.0000   0.0000  11.0396  34.9703  26.7641
    346.000   0.0000   0.0000  11.0305  34.9691  26.7648
    348.000   0.0000   0.0000  11.0299  34.9682  26.7642
    350.000   0.0000   0.0000  11.0230  34.9673  26.7648
    352.000   0.0000   0.0000  11.0217  34.9665  26.7644
    354.000   0.0000   0.0000  11.0177  34.9664  26.7651
    356.000   0.0000   0.0000  11.0168  34.9661  26.7650
    358.000   0.0000   0.0000  11.0158  34.9657  26.7648
    360.000   0.0000   0.0000  11.0141  34.9656  26.7651
    362.000   0.0000   0.0000  11.0095  34.9648  26.7652
    364.000   0.0000   0.0000  11.0054  34.9644  26.7657
    366.000   0.0000   0.0000  11.0004  34.9637  26.7661
    368.000   0.0000   0.0000  10.9542  34.9603  26.7719
    370.000   0.0000   0.0000  10.9179  34.9541  26.7736
    372.000   0.0000   0.0000  10.9152  34.9523  26.7727
    374.000   0.0000   0.0000  10.9125  34.9515  26.7725
    376.000   0.0000   0.0000  10.9091  34.9515  26.7732
    378.000   0.0000   0.0000  10.8971  34.9512  26.7751
    380.000   0.0000   0.0000  10.8627  34.9475  26.7784
    382.000   0.0000   0.0000  10.8285  34.9418  26.7802
    384.000   0.0000   0.0000  10.7516  34.9342  26.7881
    386.000   0.0000   0.0000  10.7267  34.9305  26.7896
    388.000   0.0000   0.0000  10.7180  34.9290  26.7900
    390.000   0.0000   0.0000  10.6579  34.9220  26.7953
    392.000   0.0000   0.0000  10.6495  34.9195  26.7949
    394.000   0.0000   0.0000  10.6360  34.9183  26.7963
    396.000   0.0000   0.0000  10.6335  34.9166  26.7954
    398.000   0.0000   0.0000  10.6299  34.9160  26.7956
    400.000   0.0000   0.0000  10.6023  34.9131  26.7982
    402.000   0.0000   0.0000  10.5440  34.9074  26.8042
    404.000   0.0000   0.0000  10.5214  34.9046  26.8060
    406.000   0.0000   0.0000  10.4921  34.9005  26.8079
    408.000   0.0000   0.0000  10.4959  34.9002  26.8070
    410.000   0.0000   0.0000  10.4935  34.8992  26.8067
    412.000   0.0000   0.0000  10.4961  34.8989  26.8060
    414.000   0.0000   0.0000  10.4909  34.8994  26.8073
    416.000   0.0000   0.0000  10.4570  34.8952  26.8100
    418.000   0.0000   0.0000  10.4579  34.8939  26.8088
