           0           0           0       1950  -25.65500      -44.51667    
      2.000   0.0000   0.0000  23.2242  36.9172  25.3410
      4.000   0.0000   0.0000  23.2327  37.0079  25.4072
      6.000   0.0000   0.0000  23.2385  37.0113  25.4081
      8.000   0.0000   0.0000  23.2404  37.0129  25.4088
     10.000   0.0000   0.0000  23.2392  37.0134  25.4095
     12.000   0.0000   0.0000  23.2403  37.0136  25.4094
     14.000   0.0000   0.0000  23.2393  37.0133  25.4094
     16.000   0.0000   0.0000  23.2395  37.0131  25.4092
     18.000   0.0000   0.0000  23.2366  37.0133  25.4102
     20.000   0.0000   0.0000  23.2360  37.0131  25.4102
     22.000   0.0000   0.0000  23.2378  37.0138  25.4102
     24.000   0.0000   0.0000  23.2394  37.0134  25.4095
     26.000   0.0000   0.0000  23.2396  37.0139  25.4098
     28.000   0.0000   0.0000  23.2395  37.0139  25.4098
     30.000   0.0000   0.0000  23.2416  37.0142  25.4094
     32.000   0.0000   0.0000  23.2400  37.0143  25.4100
     34.000   0.0000   0.0000  23.2412  37.0140  25.4094
     36.000   0.0000   0.0000  23.2418  37.0142  25.4094
     38.000   0.0000   0.0000  23.2431  37.0144  25.4091
     40.000   0.0000   0.0000  23.2442  37.0143  25.4088
     42.000   0.0000   0.0000  23.2449  37.0140  25.4083
     44.000   0.0000   0.0000  23.2436  37.0138  25.4085
     46.000   0.0000   0.0000  23.2446  37.0141  25.4085
     48.000   0.0000   0.0000  23.2449  37.0143  25.4085
     50.000   0.0000   0.0000  23.2303  37.0117  25.4108
     52.000   0.0000   0.0000  23.1795  36.9989  25.4159
     54.000   0.0000   0.0000  23.1523  36.9934  25.4197
     56.000   0.0000   0.0000  23.1297  36.9881  25.4223
     58.000   0.0000   0.0000  23.1123  36.9834  25.4238
     60.000   0.0000   0.0000  23.0991  36.9810  25.4258
     62.000   0.0000   0.0000  23.0887  36.9786  25.4270
     64.000   0.0000   0.0000  23.0864  36.9776  25.4270
     66.000   0.0000   0.0000  23.0814  36.9757  25.4270
     68.000   0.0000   0.0000  22.9635  36.9523  25.4435
     70.000   0.0000   0.0000  22.9530  36.9478  25.4431
     72.000   0.0000   0.0000  22.9469  36.9469  25.4442
     74.000   0.0000   0.0000  22.9258  36.9425  25.4470
     76.000   0.0000   0.0000  22.9148  36.9389  25.4475
     78.000   0.0000   0.0000  22.8024  36.9068  25.4556
     80.000   0.0000   0.0000  22.7411  36.8933  25.4630
     82.000   0.0000   0.0000  22.7360  36.8891  25.4613
     84.000   0.0000   0.0000  22.7344  36.8885  25.4613
     86.000   0.0000   0.0000  22.7174  36.8871  25.4652
     88.000   0.0000   0.0000  22.6987  36.8866  25.4702
     90.000   0.0000   0.0000  22.6917  36.8858  25.4716
     92.000   0.0000   0.0000  22.6815  36.8847  25.4737
     94.000   0.0000   0.0000  22.6753  36.8840  25.4750
     96.000   0.0000   0.0000  22.6618  36.8818  25.4771
     98.000   0.0000   0.0000  22.6362  36.8781  25.4817
    100.000   0.0000   0.0000  22.6010  36.8715  25.4868
    102.000   0.0000   0.0000  22.5907  36.8689  25.4878
    104.000   0.0000   0.0000  22.5745  36.8658  25.4901
    106.000   0.0000   0.0000  22.5251  36.8574  25.4979
    108.000   0.0000   0.0000  22.4863  36.8503  25.5036
    110.000   0.0000   0.0000  22.4729  36.8473  25.5051
    112.000   0.0000   0.0000  22.4667  36.8458  25.5058
    114.000   0.0000   0.0000  22.4244  36.8362  25.5106
    116.000   0.0000   0.0000  22.4222  36.8349  25.5102
    118.000   0.0000   0.0000  22.4118  36.8321  25.5111
    120.000   0.0000   0.0000  22.4111  36.8317  25.5110
    122.000   0.0000   0.0000  22.4059  36.8304  25.5114
    124.000   0.0000   0.0000  22.3612  36.8200  25.5163
    126.000   0.0000   0.0000  22.3256  36.8144  25.5222
    128.000   0.0000   0.0000  22.3248  36.8154  25.5232
    130.000   0.0000   0.0000  22.3391  36.8201  25.5227
    132.000   0.0000   0.0000  22.2738  36.8003  25.5263
    134.000   0.0000   0.0000  22.1290  36.7584  25.5355
    136.000   0.0000   0.0000  22.1269  36.7555  25.5339
    138.000   0.0000   0.0000  22.0879  36.7467  25.5383
    140.000   0.0000   0.0000  22.0860  36.7466  25.5387
    142.000   0.0000   0.0000  22.0418  36.7373  25.5442
    144.000   0.0000   0.0000  22.0111  36.7277  25.5455
    146.000   0.0000   0.0000  21.9729  36.7182  25.5491
    148.000   0.0000   0.0000  21.8865  36.6996  25.5593
    150.000   0.0000   0.0000  21.8883  36.6992  25.5585
    152.000   0.0000   0.0000  21.7473  36.6809  25.5842
    154.000   0.0000   0.0000  21.5866  36.6474  25.6035
    156.000   0.0000   0.0000  21.4754  36.6400  25.6289
    158.000   0.0000   0.0000  21.4423  36.6311  25.6314
    160.000   0.0000   0.0000  21.4032  36.6237  25.6365
    162.000   0.0000   0.0000  21.3462  36.6115  25.6431
    164.000   0.0000   0.0000  21.2496  36.5975  25.6591
    166.000   0.0000   0.0000  21.1632  36.5801  25.6697
    168.000   0.0000   0.0000  21.0677  36.5621  25.6823
    170.000   0.0000   0.0000  21.0065  36.5477  25.6881
    172.000   0.0000   0.0000  20.9781  36.5407  25.6906
    174.000   0.0000   0.0000  20.8445  36.5179  25.7096
    176.000   0.0000   0.0000  20.6761  36.4848  25.7302
    178.000   0.0000   0.0000  20.4878  36.4539  25.7576
    180.000   0.0000   0.0000  20.3896  36.4292  25.7652
    182.000   0.0000   0.0000  20.2676  36.4059  25.7802
    184.000   0.0000   0.0000  20.1671  36.3888  25.7940
    186.000   0.0000   0.0000  20.0512  36.3658  25.8074
    188.000   0.0000   0.0000  19.7920  36.3232  25.8435
    190.000   0.0000   0.0000  19.7179  36.3064  25.8502
    192.000   0.0000   0.0000  19.6119  36.2843  25.8612
    194.000   0.0000   0.0000  19.4269  36.2480  25.8818
    196.000   0.0000   0.0000  19.3401  36.2329  25.8928
    198.000   0.0000   0.0000  19.2706  36.2182  25.8996
    200.000   0.0000   0.0000  19.1586  36.2019  25.9161
    202.000   0.0000   0.0000  19.0735  36.1818  25.9228
    204.000   0.0000   0.0000  19.0170  36.1715  25.9294
    206.000   0.0000   0.0000  18.9328  36.1568  25.9398
    208.000   0.0000   0.0000  18.8236  36.1368  25.9524
    210.000   0.0000   0.0000  18.8036  36.1283  25.9510
    212.000   0.0000   0.0000  18.4072  36.0676  26.0051
    214.000   0.0000   0.0000  18.3822  36.0581  26.0041
    216.000   0.0000   0.0000  18.3448  36.0494  26.0068
    218.000   0.0000   0.0000  18.1732  36.0228  26.0294
    220.000   0.0000   0.0000  18.0225  35.9964  26.0468
    222.000   0.0000   0.0000  17.9621  35.9839  26.0521
    224.000   0.0000   0.0000  17.9254  35.9756  26.0549
    226.000   0.0000   0.0000  17.8210  35.9587  26.0677
    228.000   0.0000   0.0000  17.7744  35.9488  26.0716
    230.000   0.0000   0.0000  17.7533  35.9429  26.0723
    232.000   0.0000   0.0000  17.7438  35.9405  26.0728
    234.000   0.0000   0.0000  17.7072  35.9341  26.0769
    236.000   0.0000   0.0000  17.5904  35.9180  26.0931
    238.000   0.0000   0.0000  17.4563  35.9022  26.1137
    240.000   0.0000   0.0000  17.4309  35.8920  26.1121
    242.000   0.0000   0.0000  17.3279  35.8805  26.1282
    244.000   0.0000   0.0000  17.3049  35.8749  26.1295
    246.000   0.0000   0.0000  17.2469  35.8657  26.1365
    248.000   0.0000   0.0000  17.2138  35.8598  26.1400
    250.000   0.0000   0.0000  17.1812  35.8546  26.1439
    252.000   0.0000   0.0000  17.1610  35.8510  26.1459
    254.000   0.0000   0.0000  17.0786  35.8404  26.1576
    256.000   0.0000   0.0000  17.0195  35.8307  26.1644
    258.000   0.0000   0.0000  17.0118  35.8285  26.1645
    260.000   0.0000   0.0000  16.9880  35.8308  26.1719
    262.000   0.0000   0.0000  16.9437  35.8234  26.1768
    264.000   0.0000   0.0000  16.9042  35.8189  26.1828
    266.000   0.0000   0.0000  16.8684  35.8120  26.1861
    268.000   0.0000   0.0000  16.8171  35.8012  26.1899
    270.000   0.0000   0.0000  16.7910  35.7963  26.1924
    272.000   0.0000   0.0000  16.7747  35.7998  26.1989
    274.000   0.0000   0.0000  16.6725  35.7833  26.2105
    276.000   0.0000   0.0000  16.5683  35.7602  26.2173
    278.000   0.0000   0.0000  16.4556  35.7365  26.2256
    280.000   0.0000   0.0000  16.3986  35.7237  26.2291
    282.000   0.0000   0.0000  16.2262  35.6969  26.2486
    284.000   0.0000   0.0000  16.2043  35.6917  26.2497
    286.000   0.0000   0.0000  16.1549  35.6884  26.2586
    288.000   0.0000   0.0000  16.1025  35.6782  26.2629
    290.000   0.0000   0.0000  16.0222  35.6672  26.2730
    292.000   0.0000   0.0000  15.9893  35.6585  26.2738
    294.000   0.0000   0.0000  15.9798  35.6560  26.2741
    296.000   0.0000   0.0000  15.9191  35.6469  26.2811
    298.000   0.0000   0.0000  15.8041  35.6286  26.2933
    300.000   0.0000   0.0000  15.7311  35.6120  26.2972
    302.000   0.0000   0.0000  15.6264  35.5929  26.3062
    304.000   0.0000   0.0000  15.5384  35.5769  26.3139
    306.000   0.0000   0.0000  15.5319  35.5754  26.3142
    308.000   0.0000   0.0000  15.4792  35.5692  26.3213
    310.000   0.0000   0.0000  15.4509  35.5685  26.3271
    312.000   0.0000   0.0000  15.3745  35.5567  26.3352
    314.000   0.0000   0.0000  15.3265  35.5442  26.3363
    316.000   0.0000   0.0000  15.2991  35.5355  26.3358
    318.000   0.0000   0.0000  15.2759  35.5297  26.3365
    320.000   0.0000   0.0000  15.2324  35.5212  26.3396
    322.000   0.0000   0.0000  15.1984  35.5160  26.3432
    324.000   0.0000   0.0000  15.1273  35.5083  26.3531
    326.000   0.0000   0.0000  15.0757  35.5027  26.3602
    328.000   0.0000   0.0000  15.0580  35.4988  26.3611
    330.000   0.0000   0.0000  15.0115  35.4977  26.3706
    332.000   0.0000   0.0000  14.9239  35.4841  26.3794
    334.000   0.0000   0.0000  14.9247  35.4832  26.3785
    336.000   0.0000   0.0000  14.9236  35.4819  26.3778
    338.000   0.0000   0.0000  14.9242  35.4814  26.3773
    340.000   0.0000   0.0000  14.9214  35.4814  26.3779
    342.000   0.0000   0.0000  14.8564  35.4734  26.3860
    344.000   0.0000   0.0000  14.8463  35.4710  26.3864
    346.000   0.0000   0.0000  14.7879  35.4612  26.3916
    348.000   0.0000   0.0000  14.8476  35.4802  26.3932
    350.000   0.0000   0.0000  14.8294  35.4820  26.3985
    352.000   0.0000   0.0000  14.8082  35.4782  26.4003
    354.000   0.0000   0.0000  14.7821  35.4729  26.4019
    356.000   0.0000   0.0000  14.7077  35.4605  26.4086
    358.000   0.0000   0.0000  14.6735  35.4528  26.4101
    360.000   0.0000   0.0000  14.6278  35.4487  26.4169
    362.000   0.0000   0.0000  14.6103  35.4456  26.4183
    364.000   0.0000   0.0000  14.6189  35.4513  26.4208
    366.000   0.0000   0.0000  14.6414  35.4684  26.4291
    368.000   0.0000   0.0000  14.6205  35.4675  26.4329
    370.000   0.0000   0.0000  14.5072  35.4555  26.4483
    372.000   0.0000   0.0000  14.4644  35.4418  26.4469
    374.000   0.0000   0.0000  14.3528  35.4223  26.4559
    376.000   0.0000   0.0000  14.2773  35.4071  26.4604
    378.000   0.0000   0.0000  14.2235  35.3959  26.4632
    380.000   0.0000   0.0000  14.1796  35.3872  26.4659
    382.000   0.0000   0.0000  14.1299  35.3812  26.4719
    384.000   0.0000   0.0000  14.1015  35.3776  26.4751
    386.000   0.0000   0.0000  14.0534  35.3725  26.4814
    388.000   0.0000   0.0000  13.9966  35.3637  26.4866
    390.000   0.0000   0.0000  13.9721  35.3596  26.4886
    392.000   0.0000   0.0000  13.9595  35.3582  26.4901
    394.000   0.0000   0.0000  13.9411  35.3577  26.4937
    396.000   0.0000   0.0000  13.8872  35.3534  26.5017
    398.000   0.0000   0.0000  13.8772  35.3501  26.5013
    400.000   0.0000   0.0000  13.8156  35.3424  26.5082
    402.000   0.0000   0.0000  13.7504  35.3356  26.5167
    404.000   0.0000   0.0000  13.7011  35.3277  26.5208
    406.000   0.0000   0.0000  13.6676  35.3208  26.5225
    408.000   0.0000   0.0000  13.6214  35.3157  26.5281
    410.000   0.0000   0.0000  13.6194  35.3149  26.5279
    412.000   0.0000   0.0000  13.5809  35.3108  26.5327
    414.000   0.0000   0.0000  13.4990  35.3014  26.5424
    416.000   0.0000   0.0000  13.4607  35.2923  26.5433
    418.000   0.0000   0.0000  13.4427  35.2880  26.5437
    420.000   0.0000   0.0000  13.3932  35.2827  26.5497
    422.000   0.0000   0.0000  13.3661  35.2798  26.5531
    424.000   0.0000   0.0000  13.3048  35.2710  26.5588
    426.000   0.0000   0.0000  13.2731  35.2651  26.5608
    428.000   0.0000   0.0000  13.2480  35.2627  26.5641
    430.000   0.0000   0.0000  13.2363  35.2594  26.5639
    432.000   0.0000   0.0000  13.1615  35.2526  26.5738
    434.000   0.0000   0.0000  13.1509  35.2522  26.5757
    436.000   0.0000   0.0000  13.1430  35.2537  26.5785
    438.000   0.0000   0.0000  13.1108  35.2557  26.5866
    440.000   0.0000   0.0000  13.0863  35.2517  26.5884
    442.000   0.0000   0.0000  13.0214  35.2401  26.5926
    444.000   0.0000   0.0000  12.9796  35.2326  26.5952
    446.000   0.0000   0.0000  12.8968  35.2199  26.6020
    448.000   0.0000   0.0000  12.8585  35.2137  26.6049
    450.000   0.0000   0.0000  12.7776  35.2050  26.6143
    452.000   0.0000   0.0000  12.7684  35.2023  26.6141
    454.000   0.0000   0.0000  12.7105  35.1962  26.6209
    456.000   0.0000   0.0000  12.6373  35.1843  26.6262
    458.000   0.0000   0.0000  12.4730  35.1610  26.6406
    460.000   0.0000   0.0000  12.4361  35.1538  26.6423
    462.000   0.0000   0.0000  12.3929  35.1484  26.6465
    464.000   0.0000   0.0000  12.3671  35.1437  26.6480
    466.000   0.0000   0.0000  12.3397  35.1390  26.6497
    468.000   0.0000   0.0000  12.1935  35.1265  26.6684
    470.000   0.0000   0.0000  12.1519  35.1155  26.6679
    472.000   0.0000   0.0000  12.1225  35.1106  26.6699
    474.000   0.0000   0.0000  12.0515  35.1011  26.6762
    476.000   0.0000   0.0000  12.0128  35.0945  26.6784
    478.000   0.0000   0.0000  12.0024  35.0923  26.6788
    480.000   0.0000   0.0000  11.9853  35.0898  26.6801
    482.000   0.0000   0.0000  11.9813  35.0870  26.6787
    484.000   0.0000   0.0000  11.8744  35.0757  26.6904
    486.000   0.0000   0.0000  11.8528  35.0718  26.6915
    488.000   0.0000   0.0000  11.8285  35.0678  26.6930
    490.000   0.0000   0.0000  11.7860  35.0626  26.6970
    492.000   0.0000   0.0000  11.7523  35.0579  26.6998
    494.000   0.0000   0.0000  11.6577  35.0472  26.7093
    496.000   0.0000   0.0000  11.6186  35.0412  26.7120
    498.000   0.0000   0.0000  11.5548  35.0330  26.7176
    500.000   0.0000   0.0000  11.4743  35.0227  26.7247
    502.000   0.0000   0.0000  11.4347  35.0169  26.7275
    504.000   0.0000   0.0000  11.4253  35.0145  26.7274
    506.000   0.0000   0.0000  11.3492  35.0067  26.7355
    508.000   0.0000   0.0000  11.3141  35.0007  26.7373
    510.000   0.0000   0.0000  11.2809  34.9957  26.7396
    512.000   0.0000   0.0000  11.2038  34.9886  26.7483
    514.000   0.0000   0.0000  11.1411  34.9804  26.7534
    516.000   0.0000   0.0000  11.1116  34.9764  26.7557
    518.000   0.0000   0.0000  11.1055  34.9739  26.7549
    520.000   0.0000   0.0000  11.0441  34.9688  26.7621
    522.000   0.0000   0.0000  11.0159  34.9643  26.7637
    524.000   0.0000   0.0000  10.9790  34.9597  26.7669
    526.000   0.0000   0.0000  10.9727  34.9578  26.7665
    528.000   0.0000   0.0000  10.8574  34.9481  26.7798
    530.000   0.0000   0.0000  10.8209  34.9419  26.7816
    532.000   0.0000   0.0000  10.8001  34.9377  26.7820
    534.000   0.0000   0.0000  10.7658  34.9346  26.7858
    536.000   0.0000   0.0000  10.7599  34.9327  26.7854
    538.000   0.0000   0.0000  10.7523  34.9322  26.7864
    540.000   0.0000   0.0000  10.7337  34.9300  26.7880
    542.000   0.0000   0.0000  10.6926  34.9252  26.7916
    544.000   0.0000   0.0000  10.5827  34.9139  26.8024
    546.000   0.0000   0.0000  10.5532  34.9094  26.8041
    548.000   0.0000   0.0000  10.5164  34.9044  26.8068
    550.000   0.0000   0.0000  10.4049  34.8943  26.8185
    552.000   0.0000   0.0000  10.3631  34.8873  26.8204
    554.000   0.0000   0.0000  10.3360  34.8832  26.8220
    556.000   0.0000   0.0000  10.3027  34.8792  26.8246
    558.000   0.0000   0.0000  10.2875  34.8761  26.8248
    560.000   0.0000   0.0000  10.2782  34.8741  26.8249
    562.000   0.0000   0.0000  10.2536  34.8702  26.8262
    564.000   0.0000   0.0000  10.1762  34.8622  26.8334
    566.000   0.0000   0.0000  10.1488  34.8600  26.8364
    568.000   0.0000   0.0000  10.0361  34.8462  26.8451
    570.000   0.0000   0.0000   9.9555  34.8351  26.8502
    572.000   0.0000   0.0000   9.8705  34.8257  26.8574
    574.000   0.0000   0.0000   9.8640  34.8228  26.8562
    576.000   0.0000   0.0000   9.7740  34.8155  26.8658
    578.000   0.0000   0.0000   9.6567  34.8056  26.8778
    580.000   0.0000   0.0000   9.5452  34.7895  26.8839
    582.000   0.0000   0.0000   9.4801  34.7815  26.8885
    584.000   0.0000   0.0000   9.3962  34.7677  26.8916
    586.000   0.0000   0.0000   9.3704  34.7641  26.8930
    588.000   0.0000   0.0000   9.2564  34.7524  26.9026
    590.000   0.0000   0.0000   9.2232  34.7450  26.9022
    592.000   0.0000   0.0000   9.2114  34.7414  26.9013
    594.000   0.0000   0.0000   9.1895  34.7385  26.9027
    596.000   0.0000   0.0000   9.1171  34.7321  26.9094
    598.000   0.0000   0.0000   9.0905  34.7283  26.9107
    600.000   0.0000   0.0000   9.0224  34.7215  26.9164
    602.000   0.0000   0.0000   8.9831  34.7168  26.9190
    604.000   0.0000   0.0000   8.9514  34.7127  26.9209
    606.000   0.0000   0.0000   8.9376  34.7111  26.9219
    608.000   0.0000   0.0000   8.9255  34.7093  26.9224
    610.000   0.0000   0.0000   8.8173  34.7015  26.9335
    612.000   0.0000   0.0000   8.7581  34.6956  26.9383
    614.000   0.0000   0.0000   8.7048  34.6897  26.9421
    616.000   0.0000   0.0000   8.6656  34.6839  26.9438
    618.000   0.0000   0.0000   8.6451  34.6820  26.9455
    620.000   0.0000   0.0000   8.6190  34.6784  26.9468
    622.000   0.0000   0.0000   8.5794  34.6749  26.9502
    624.000   0.0000   0.0000   8.5326  34.6707  26.9542
    626.000   0.0000   0.0000   8.5075  34.6685  26.9564
    628.000   0.0000   0.0000   8.4645  34.6631  26.9588
    630.000   0.0000   0.0000   8.4286  34.6590  26.9612
    632.000   0.0000   0.0000   8.3906  34.6559  26.9646
    634.000   0.0000   0.0000   8.3441  34.6504  26.9675
    636.000   0.0000   0.0000   8.3342  34.6482  26.9673
    638.000   0.0000   0.0000   8.2851  34.6430  26.9708
    640.000   0.0000   0.0000   8.2515  34.6398  26.9734
    642.000   0.0000   0.0000   8.2398  34.6378  26.9736
    644.000   0.0000   0.0000   8.2151  34.6356  26.9757
    646.000   0.0000   0.0000   8.1913  34.6329  26.9772
    648.000   0.0000   0.0000   8.1806  34.6311  26.9774
    650.000   0.0000   0.0000   8.1540  34.6291  26.9798
    652.000   0.0000   0.0000   8.1179  34.6263  26.9831
    654.000   0.0000   0.0000   8.0336  34.6180  26.9893
    656.000   0.0000   0.0000   8.0074  34.6142  26.9902
    658.000   0.0000   0.0000   7.9876  34.6119  26.9914
    660.000   0.0000   0.0000   7.9581  34.6086  26.9933
    662.000   0.0000   0.0000   7.9398  34.6061  26.9940
    664.000   0.0000   0.0000   7.8852  34.6018  26.9988
    666.000   0.0000   0.0000   7.8244  34.5969  27.0039
    668.000   0.0000   0.0000   7.8001  34.5931  27.0046
    670.000   0.0000   0.0000   7.7589  34.5896  27.0079
    672.000   0.0000   0.0000   7.7479  34.5872  27.0076
    674.000   0.0000   0.0000   7.7191  34.5844  27.0097
    676.000   0.0000   0.0000   7.6346  34.5761  27.0155
    678.000   0.0000   0.0000   7.6257  34.5757  27.0165
    680.000   0.0000   0.0000   7.5938  34.5704  27.0170
    682.000   0.0000   0.0000   7.5426  34.5671  27.0218
    684.000   0.0000   0.0000   7.4818  34.5623  27.0268
    686.000   0.0000   0.0000   7.4536  34.5587  27.0280
    688.000   0.0000   0.0000   7.4356  34.5544  27.0272
    690.000   0.0000   0.0000   7.3709  34.5496  27.0328
    692.000   0.0000   0.0000   7.3578  34.5460  27.0318
    694.000   0.0000   0.0000   7.3411  34.5443  27.0328
    696.000   0.0000   0.0000   7.2996  34.5422  27.0371
    698.000   0.0000   0.0000   7.2391  34.5361  27.0409
    700.000   0.0000   0.0000   7.2016  34.5330  27.0437
    702.000   0.0000   0.0000   7.1060  34.5253  27.0511
    704.000   0.0000   0.0000   7.0265  34.5190  27.0572
    706.000   0.0000   0.0000   7.0031  34.5162  27.0583
    708.000   0.0000   0.0000   6.9967  34.5147  27.0580
    710.000   0.0000   0.0000   6.9874  34.5129  27.0578
    712.000   0.0000   0.0000   6.9512  34.5122  27.0623
    714.000   0.0000   0.0000   6.9396  34.5099  27.0621
    716.000   0.0000   0.0000   6.8733  34.5044  27.0669
    718.000   0.0000   0.0000   6.8382  34.4982  27.0668
    720.000   0.0000   0.0000   6.8199  34.4973  27.0687
    722.000   0.0000   0.0000   6.8182  34.4964  27.0682
    724.000   0.0000   0.0000   6.8169  34.4958  27.0679
    726.000   0.0000   0.0000   6.8102  34.4953  27.0684
    728.000   0.0000   0.0000   6.7751  34.4921  27.0707
    730.000   0.0000   0.0000   6.7670  34.4908  27.0707
    732.000   0.0000   0.0000   6.7472  34.4902  27.0730
    734.000   0.0000   0.0000   6.7347  34.4873  27.0724
    736.000   0.0000   0.0000   6.6812  34.4837  27.0768
    738.000   0.0000   0.0000   6.6507  34.4784  27.0768
    740.000   0.0000   0.0000   6.6184  34.4768  27.0798
    742.000   0.0000   0.0000   6.5649  34.4720  27.0832
    744.000   0.0000   0.0000   6.5145  34.4667  27.0858
    746.000   0.0000   0.0000   6.4619  34.4666  27.0927
    748.000   0.0000   0.0000   6.3996  34.4569  27.0933
    750.000   0.0000   0.0000   6.3519  34.4518  27.0955
    752.000   0.0000   0.0000   6.2940  34.4451  27.0978
    754.000   0.0000   0.0000   6.2751  34.4419  27.0977
    756.000   0.0000   0.0000   6.2757  34.4405  27.0966
    758.000   0.0000   0.0000   6.2602  34.4397  27.0979
    760.000   0.0000   0.0000   6.2306  34.4369  27.0996
    762.000   0.0000   0.0000   6.1917  34.4343  27.1026
    764.000   0.0000   0.0000   6.1710  34.4314  27.1031
    766.000   0.0000   0.0000   6.1516  34.4310  27.1052
    768.000   0.0000   0.0000   6.1489  34.4300  27.1048
    770.000   0.0000   0.0000   6.1313  34.4295  27.1066
    772.000   0.0000   0.0000   6.0767  34.4293  27.1134
    774.000   0.0000   0.0000   6.0731  34.4271  27.1122
    776.000   0.0000   0.0000   6.0877  34.4256  27.1091
    778.000   0.0000   0.0000   6.0178  34.4270  27.1192
    780.000   0.0000   0.0000   6.0061  34.4249  27.1190
    782.000   0.0000   0.0000   6.0023  34.4240  27.1188
    784.000   0.0000   0.0000   5.9895  34.4231  27.1197
    786.000   0.0000   0.0000   5.9497  34.4207  27.1229
    788.000   0.0000   0.0000   5.9275  34.4175  27.1231
    790.000   0.0000   0.0000   5.9219  34.4165  27.1231
    792.000   0.0000   0.0000   5.9152  34.4160  27.1235
    794.000   0.0000   0.0000   5.9007  34.4134  27.1233
    796.000   0.0000   0.0000   5.7862  34.4075  27.1330
    798.000   0.0000   0.0000   5.7430  34.4055  27.1368
    800.000   0.0000   0.0000   5.7258  34.3997  27.1343
    802.000   0.0000   0.0000   5.7112  34.3981  27.1349
    804.000   0.0000   0.0000   5.6846  34.3968  27.1371
    806.000   0.0000   0.0000   5.6680  34.3948  27.1376
    808.000   0.0000   0.0000   5.6634  34.3936  27.1372
    810.000   0.0000   0.0000   5.6441  34.3921  27.1385
    812.000   0.0000   0.0000   5.6304  34.3919  27.1400
    814.000   0.0000   0.0000   5.6128  34.3898  27.1405
    816.000   0.0000   0.0000   5.5898  34.3876  27.1416
    818.000   0.0000   0.0000   5.5593  34.3865  27.1444
    820.000   0.0000   0.0000   5.5440  34.3850  27.1451
    822.000   0.0000   0.0000   5.5321  34.3840  27.1457
    824.000   0.0000   0.0000   5.5194  34.3825  27.1461
    826.000   0.0000   0.0000   5.5048  34.3820  27.1475
    828.000   0.0000   0.0000   5.4915  34.3815  27.1487
    830.000   0.0000   0.0000   5.4850  34.3805  27.1487
    832.000   0.0000   0.0000   5.4695  34.3801  27.1502
    834.000   0.0000   0.0000   5.4527  34.3816  27.1535
    836.000   0.0000   0.0000   5.4414  34.3798  27.1534
    838.000   0.0000   0.0000   5.4287  34.3777  27.1533
    840.000   0.0000   0.0000   5.4377  34.3828  27.1563
    842.000   0.0000   0.0000   5.4009  34.3811  27.1593
    844.000   0.0000   0.0000   5.3529  34.3788  27.1633
    846.000   0.0000   0.0000   5.3337  34.3765  27.1637
    848.000   0.0000   0.0000   5.2783  34.3744  27.1686
    850.000   0.0000   0.0000   5.2417  34.3694  27.1691
    852.000   0.0000   0.0000   5.2343  34.3680  27.1688
    854.000   0.0000   0.0000   5.2395  34.3698  27.1696
    856.000   0.0000   0.0000   5.2077  34.3695  27.1732
    858.000   0.0000   0.0000   5.1852  34.3687  27.1751
    860.000   0.0000   0.0000   5.1695  34.3671  27.1758
    862.000   0.0000   0.0000   5.1527  34.3677  27.1782
    864.000   0.0000   0.0000   5.1370  34.3649  27.1778
    866.000   0.0000   0.0000   5.0863  34.3632  27.1824
    868.000   0.0000   0.0000   5.0619  34.3623  27.1845
    870.000   0.0000   0.0000   5.0253  34.3590  27.1861
    872.000   0.0000   0.0000   5.0186  34.3569  27.1852
    874.000   0.0000   0.0000   5.0135  34.3572  27.1861
    876.000   0.0000   0.0000   5.0078  34.3569  27.1865
    878.000   0.0000   0.0000   4.9979  34.3564  27.1873
    880.000   0.0000   0.0000   4.9309  34.3516  27.1911
    882.000   0.0000   0.0000   4.9251  34.3512  27.1915
    884.000   0.0000   0.0000   4.9051  34.3519  27.1943
    886.000   0.0000   0.0000   4.8822  34.3498  27.1953
    888.000   0.0000   0.0000   4.8703  34.3482  27.1954
    890.000   0.0000   0.0000   4.8441  34.3489  27.1989
    892.000   0.0000   0.0000   4.7922  34.3466  27.2030
    894.000   0.0000   0.0000   4.7817  34.3463  27.2039
    896.000   0.0000   0.0000   4.7603  34.3464  27.2064
    898.000   0.0000   0.0000   4.7476  34.3462  27.2076
    900.000   0.0000   0.0000   4.7298  34.3468  27.2101
    902.000   0.0000   0.0000   4.7089  34.3479  27.2134
    904.000   0.0000   0.0000   4.6913  34.3461  27.2139
    906.000   0.0000   0.0000   4.6701  34.3453  27.2157
    908.000   0.0000   0.0000   4.6260  34.3436  27.2192
    910.000   0.0000   0.0000   4.6039  34.3431  27.2212
    912.000   0.0000   0.0000   4.5776  34.3431  27.2241
    914.000   0.0000   0.0000   4.5687  34.3430  27.2250
    916.000   0.0000   0.0000   4.5658  34.3422  27.2247
    918.000   0.0000   0.0000   4.5487  34.3426  27.2269
    920.000   0.0000   0.0000   4.5186  34.3415  27.2293
    922.000   0.0000   0.0000   4.5121  34.3406  27.2294
    924.000   0.0000   0.0000   4.4965  34.3398  27.2304
    926.000   0.0000   0.0000   4.4909  34.3393  27.2306
    928.000   0.0000   0.0000   4.4875  34.3392  27.2309
    930.000   0.0000   0.0000   4.4852  34.3383  27.2304
    932.000   0.0000   0.0000   4.4870  34.3381  27.2301
    934.000   0.0000   0.0000   4.4833  34.3377  27.2302
    936.000   0.0000   0.0000   4.4842  34.3379  27.2303
    938.000   0.0000   0.0000   4.4813  34.3376  27.2303
    940.000   0.0000   0.0000   4.4803  34.3374  27.2303
    942.000   0.0000   0.0000   4.4809  34.3369  27.2298
    944.000   0.0000   0.0000   4.4784  34.3369  27.2301
    946.000   0.0000   0.0000   4.4516  34.3394  27.2350
    948.000   0.0000   0.0000   4.4489  34.3391  27.2350
    950.000   0.0000   0.0000   4.4482  34.3385  27.2347
    952.000   0.0000   0.0000   4.4288  34.3402  27.2381
    954.000   0.0000   0.0000   4.4085  34.3394  27.2397
    956.000   0.0000   0.0000   4.4048  34.3409  27.2413
    958.000   0.0000   0.0000   4.4004  34.3406  27.2415
    960.000   0.0000   0.0000   4.3888  34.3408  27.2429
    962.000   0.0000   0.0000   4.3659  34.3414  27.2459
    964.000   0.0000   0.0000   4.3558  34.3403  27.2461
    966.000   0.0000   0.0000   4.3413  34.3404  27.2477
    968.000   0.0000   0.0000   4.3328  34.3393  27.2477
    970.000   0.0000   0.0000   4.3295  34.3387  27.2477
    972.000   0.0000   0.0000   4.3344  34.3403  27.2484
    974.000   0.0000   0.0000   4.3166  34.3435  27.2528
    976.000   0.0000   0.0000   4.3015  34.3424  27.2536
    978.000   0.0000   0.0000   4.2986  34.3420  27.2535
    980.000   0.0000   0.0000   4.2719  34.3427  27.2570
    982.000   0.0000   0.0000   4.2461  34.3428  27.2598
    984.000   0.0000   0.0000   4.2170  34.3406  27.2611
    986.000   0.0000   0.0000   4.2105  34.3400  27.2614
    988.000   0.0000   0.0000   4.2036  34.3405  27.2625
    990.000   0.0000   0.0000   4.1857  34.3418  27.2654
    992.000   0.0000   0.0000   4.1868  34.3405  27.2643
    994.000   0.0000   0.0000   4.1651  34.3439  27.2692
    996.000   0.0000   0.0000   4.1627  34.3443  27.2698
    998.000   0.0000   0.0000   4.1619  34.3450  27.2704
   1000.000   0.0000   0.0000   4.1495  34.3452  27.2719
   1002.000   0.0000   0.0000   4.1253  34.3450  27.2743
   1004.000   0.0000   0.0000   4.1219  34.3447  27.2744
   1006.000   0.0000   0.0000   4.0939  34.3466  27.2789
   1008.000   0.0000   0.0000   4.0815  34.3469  27.2804
   1010.000   0.0000   0.0000   4.0705  34.3487  27.2830
   1012.000   0.0000   0.0000   4.0595  34.3490  27.2843
   1014.000   0.0000   0.0000   4.0500  34.3494  27.2857
   1016.000   0.0000   0.0000   4.0323  34.3505  27.2884
   1018.000   0.0000   0.0000   4.0218  34.3512  27.2900
   1020.000   0.0000   0.0000   4.0165  34.3510  27.2904
   1022.000   0.0000   0.0000   4.0086  34.3517  27.2918
   1024.000   0.0000   0.0000   4.0055  34.3535  27.2935
   1026.000   0.0000   0.0000   3.9869  34.3552  27.2968
   1028.000   0.0000   0.0000   3.9769  34.3567  27.2991
   1030.000   0.0000   0.0000   3.9710  34.3574  27.3002
   1032.000   0.0000   0.0000   3.9702  34.3592  27.3017
   1034.000   0.0000   0.0000   3.9644  34.3590  27.3022
   1036.000   0.0000   0.0000   3.9546  34.3603  27.3042
   1038.000   0.0000   0.0000   3.9510  34.3608  27.3050
   1040.000   0.0000   0.0000   3.9352  34.3612  27.3069
   1042.000   0.0000   0.0000   3.9327  34.3605  27.3066
   1044.000   0.0000   0.0000   3.9311  34.3623  27.3082
   1046.000   0.0000   0.0000   3.9120  34.3644  27.3118
   1048.000   0.0000   0.0000   3.9228  34.3677  27.3134
   1050.000   0.0000   0.0000   3.9216  34.3678  27.3136
   1052.000   0.0000   0.0000   3.9122  34.3691  27.3155
   1054.000   0.0000   0.0000   3.9054  34.3708  27.3176
   1056.000   0.0000   0.0000   3.8843  34.3725  27.3211
   1058.000   0.0000   0.0000   3.8728  34.3711  27.3211
   1060.000   0.0000   0.0000   3.8586  34.3708  27.3224
   1062.000   0.0000   0.0000   3.8557  34.3710  27.3228
   1064.000   0.0000   0.0000   3.8490  34.3714  27.3238
   1066.000   0.0000   0.0000   3.8417  34.3720  27.3250
   1068.000   0.0000   0.0000   3.8356  34.3722  27.3258
   1070.000   0.0000   0.0000   3.8294  34.3727  27.3268
   1072.000   0.0000   0.0000   3.8284  34.3733  27.3274
   1074.000   0.0000   0.0000   3.8337  34.3743  27.3277
   1076.000   0.0000   0.0000   3.8349  34.3754  27.3284
   1078.000   0.0000   0.0000   3.8291  34.3761  27.3296
   1080.000   0.0000   0.0000   3.8193  34.3773  27.3315
   1082.000   0.0000   0.0000   3.8103  34.3786  27.3335
   1084.000   0.0000   0.0000   3.8069  34.3779  27.3333
   1086.000   0.0000   0.0000   3.7871  34.3801  27.3370
   1088.000   0.0000   0.0000   3.7709  34.3828  27.3408
   1090.000   0.0000   0.0000   3.7643  34.3859  27.3439
   1092.000   0.0000   0.0000   3.7531  34.3861  27.3452
   1094.000   0.0000   0.0000   3.7517  34.3857  27.3450
   1096.000   0.0000   0.0000   3.7489  34.3859  27.3455
   1098.000   0.0000   0.0000   3.7428  34.3874  27.3472
   1100.000   0.0000   0.0000   3.7351  34.3903  27.3503
   1102.000   0.0000   0.0000   3.7288  34.3912  27.3517
   1104.000   0.0000   0.0000   3.7263  34.3912  27.3519
   1106.000   0.0000   0.0000   3.7175  34.3928  27.3541
   1108.000   0.0000   0.0000   3.7054  34.3944  27.3565
   1110.000   0.0000   0.0000   3.6917  34.3945  27.3580
   1112.000   0.0000   0.0000   3.6865  34.3954  27.3592
   1114.000   0.0000   0.0000   3.6803  34.3958  27.3602
   1116.000   0.0000   0.0000   3.6668  34.4002  27.3650
   1118.000   0.0000   0.0000   3.6544  34.4018  27.3675
   1120.000   0.0000   0.0000   3.6399  34.4053  27.3717
   1122.000   0.0000   0.0000   3.6372  34.4080  27.3741
   1124.000   0.0000   0.0000   3.6190  34.4129  27.3799
   1126.000   0.0000   0.0000   3.6158  34.4145  27.3815
   1128.000   0.0000   0.0000   3.6102  34.4165  27.3836
   1130.000   0.0000   0.0000   3.6082  34.4174  27.3845
   1132.000   0.0000   0.0000   3.6005  34.4207  27.3878
   1134.000   0.0000   0.0000   3.6032  34.4218  27.3885
   1136.000   0.0000   0.0000   3.6065  34.4233  27.3893
   1138.000   0.0000   0.0000   3.6042  34.4260  27.3918
   1140.000   0.0000   0.0000   3.6029  34.4269  27.3926
   1142.000   0.0000   0.0000   3.6017  34.4270  27.3928
   1144.000   0.0000   0.0000   3.5956  34.4307  27.3963
   1146.000   0.0000   0.0000   3.5816  34.4316  27.3984
   1148.000   0.0000   0.0000   3.5627  34.4341  27.4022
   1150.000   0.0000   0.0000   3.5593  34.4342  27.4027
   1152.000   0.0000   0.0000   3.5565  34.4338  27.4026
   1154.000   0.0000   0.0000   3.5407  34.4358  27.4057
   1156.000   0.0000   0.0000   3.5261  34.4342  27.4059
   1158.000   0.0000   0.0000   3.5243  34.4340  27.4059
   1160.000   0.0000   0.0000   3.5238  34.4337  27.4058
   1162.000   0.0000   0.0000   3.5234  34.4345  27.4064
   1164.000   0.0000   0.0000   3.5109  34.4353  27.4083
   1166.000   0.0000   0.0000   3.5103  34.4350  27.4081
   1168.000   0.0000   0.0000   3.5088  34.4350  27.4083
   1170.000   0.0000   0.0000   3.4972  34.4365  27.4105
   1172.000   0.0000   0.0000   3.4819  34.4364  27.4119
   1174.000   0.0000   0.0000   3.4778  34.4369  27.4128
   1176.000   0.0000   0.0000   3.4903  34.4423  27.4159
   1178.000   0.0000   0.0000   3.4889  34.4461  27.4190
   1180.000   0.0000   0.0000   3.4815  34.4488  27.4219
   1182.000   0.0000   0.0000   3.4844  34.4506  27.4230
   1184.000   0.0000   0.0000   3.4901  34.4545  27.4256
   1186.000   0.0000   0.0000   3.4918  34.4594  27.4293
   1188.000   0.0000   0.0000   3.4730  34.4609  27.4324
   1190.000   0.0000   0.0000   3.4239  34.4580  27.4347
   1192.000   0.0000   0.0000   3.4172  34.4577  27.4352
   1194.000   0.0000   0.0000   3.4036  34.4579  27.4366
   1196.000   0.0000   0.0000   3.3916  34.4565  27.4367
   1198.000   0.0000   0.0000   3.3869  34.4570  27.4375
   1200.000   0.0000   0.0000   3.3838  34.4568  27.4377
   1202.000   0.0000   0.0000   3.3805  34.4566  27.4378
   1204.000   0.0000   0.0000   3.3789  34.4566  27.4380
   1206.000   0.0000   0.0000   3.3738  34.4585  27.4400
   1208.000   0.0000   0.0000   3.3681  34.4605  27.4421
   1210.000   0.0000   0.0000   3.3701  34.4629  27.4438
   1212.000   0.0000   0.0000   3.3673  34.4644  27.4453
   1214.000   0.0000   0.0000   3.3663  34.4645  27.4455
   1216.000   0.0000   0.0000   3.3668  34.4653  27.4461
   1218.000   0.0000   0.0000   3.3694  34.4702  27.4497
   1220.000   0.0000   0.0000   3.3696  34.4710  27.4504
   1222.000   0.0000   0.0000   3.3705  34.4710  27.4503
   1224.000   0.0000   0.0000   3.3712  34.4709  27.4501
   1226.000   0.0000   0.0000   3.3721  34.4718  27.4508
   1228.000   0.0000   0.0000   3.3719  34.4725  27.4513
   1230.000   0.0000   0.0000   3.3699  34.4764  27.4547
   1232.000   0.0000   0.0000   3.3662  34.4795  27.4574
   1234.000   0.0000   0.0000   3.3643  34.4820  27.4596
   1236.000   0.0000   0.0000   3.3622  34.4845  27.4618
   1238.000   0.0000   0.0000   3.3608  34.4858  27.4630
   1240.000   0.0000   0.0000   3.3578  34.4890  27.4658
   1242.000   0.0000   0.0000   3.3567  34.4913  27.4677
   1244.000   0.0000   0.0000   3.3571  34.4931  27.4691
   1246.000   0.0000   0.0000   3.3549  34.4944  27.4704
   1248.000   0.0000   0.0000   3.3544  34.4945  27.4706
   1250.000   0.0000   0.0000   3.3545  34.4963  27.4720
   1252.000   0.0000   0.0000   3.3525  34.5011  27.4760
   1254.000   0.0000   0.0000   3.3544  34.5039  27.4780
   1256.000   0.0000   0.0000   3.3530  34.5067  27.4804
   1258.000   0.0000   0.0000   3.3516  34.5068  27.4806
   1260.000   0.0000   0.0000   3.3437  34.5107  27.4844
   1262.000   0.0000   0.0000   3.3429  34.5111  27.4848
   1264.000   0.0000   0.0000   3.3427  34.5115  27.4852
   1266.000   0.0000   0.0000   3.3424  34.5119  27.4855
   1268.000   0.0000   0.0000   3.3422  34.5125  27.4860
   1270.000   0.0000   0.0000   3.3422  34.5121  27.4857
   1272.000   0.0000   0.0000   3.3423  34.5128  27.4862
   1274.000   0.0000   0.0000   3.3417  34.5135  27.4868
   1276.000   0.0000   0.0000   3.3415  34.5136  27.4870
   1278.000   0.0000   0.0000   3.3408  34.5136  27.4870
   1280.000   0.0000   0.0000   3.3383  34.5148  27.4882
   1282.000   0.0000   0.0000   3.3316  34.5174  27.4909
   1284.000   0.0000   0.0000   3.3358  34.5200  27.4925
   1286.000   0.0000   0.0000   3.3348  34.5211  27.4935
   1288.000   0.0000   0.0000   3.3345  34.5224  27.4946
   1290.000   0.0000   0.0000   3.3346  34.5235  27.4955
   1292.000   0.0000   0.0000   3.3347  34.5248  27.4965
   1294.000   0.0000   0.0000   3.3341  34.5261  27.4976
   1296.000   0.0000   0.0000   3.3326  34.5273  27.4987
   1298.000   0.0000   0.0000   3.3330  34.5271  27.4986
   1300.000   0.0000   0.0000   3.3327  34.5282  27.4994
   1302.000   0.0000   0.0000   3.3311  34.5306  27.5015
   1304.000   0.0000   0.0000   3.3303  34.5313  27.5021
   1306.000   0.0000   0.0000   3.3279  34.5331  27.5038
   1308.000   0.0000   0.0000   3.3274  34.5333  27.5040
   1310.000   0.0000   0.0000   3.3211  34.5334  27.5047
   1312.000   0.0000   0.0000   3.3131  34.5356  27.5072
   1314.000   0.0000   0.0000   3.3081  34.5364  27.5083
   1316.000   0.0000   0.0000   3.3108  34.5378  27.5091
   1318.000   0.0000   0.0000   3.3143  34.5381  27.5091
   1320.000   0.0000   0.0000   3.3290  34.5452  27.5133
   1322.000   0.0000   0.0000   3.3228  34.5477  27.5159
   1324.000   0.0000   0.0000   3.3207  34.5500  27.5180
   1326.000   0.0000   0.0000   3.3135  34.5515  27.5198
   1328.000   0.0000   0.0000   3.3151  34.5515  27.5197
   1330.000   0.0000   0.0000   3.3126  34.5518  27.5201
   1332.000   0.0000   0.0000   3.3077  34.5528  27.5214
   1334.000   0.0000   0.0000   3.3066  34.5530  27.5217
   1336.000   0.0000   0.0000   3.3058  34.5535  27.5222
   1338.000   0.0000   0.0000   3.3057  34.5530  27.5217
   1340.000   0.0000   0.0000   3.3056  34.5532  27.5219
   1342.000   0.0000   0.0000   3.3025  34.5549  27.5235
   1344.000   0.0000   0.0000   3.2976  34.5564  27.5252
   1346.000   0.0000   0.0000   3.2912  34.5566  27.5260
   1348.000   0.0000   0.0000   3.2895  34.5564  27.5260
   1350.000   0.0000   0.0000   3.2881  34.5570  27.5266
   1352.000   0.0000   0.0000   3.2920  34.5589  27.5278
   1354.000   0.0000   0.0000   3.2931  34.5609  27.5292
   1356.000   0.0000   0.0000   3.2939  34.5606  27.5289
   1358.000   0.0000   0.0000   3.2982  34.5611  27.5289
   1360.000   0.0000   0.0000   3.2977  34.5627  27.5303
   1362.000   0.0000   0.0000   3.2984  34.5632  27.5305
   1364.000   0.0000   0.0000   3.2988  34.5636  27.5309
   1366.000   0.0000   0.0000   3.2955  34.5631  27.5308
   1368.000   0.0000   0.0000   3.2930  34.5630  27.5310
   1370.000   0.0000   0.0000   3.2902  34.5637  27.5317
   1372.000   0.0000   0.0000   3.2845  34.5670  27.5349
   1374.000   0.0000   0.0000   3.2856  34.5688  27.5362
   1376.000   0.0000   0.0000   3.3011  34.5727  27.5379
   1378.000   0.0000   0.0000   3.3031  34.5737  27.5384
   1380.000   0.0000   0.0000   3.3046  34.5754  27.5397
   1382.000   0.0000   0.0000   3.2992  34.5760  27.5407
   1384.000   0.0000   0.0000   3.2895  34.5760  27.5416
   1386.000   0.0000   0.0000   3.2884  34.5761  27.5418
   1388.000   0.0000   0.0000   3.2880  34.5764  27.5421
   1390.000   0.0000   0.0000   3.2869  34.5768  27.5425
   1392.000   0.0000   0.0000   3.2878  34.5785  27.5438
   1394.000   0.0000   0.0000   3.2863  34.5793  27.5445
   1396.000   0.0000   0.0000   3.2835  34.5799  27.5452
   1398.000   0.0000   0.0000   3.2812  34.5819  27.5471
   1400.000   0.0000   0.0000   3.2849  34.5840  27.5484
   1402.000   0.0000   0.0000   3.2862  34.5861  27.5500
   1404.000   0.0000   0.0000   3.2873  34.5883  27.5516
   1406.000   0.0000   0.0000   3.2874  34.5878  27.5512
   1408.000   0.0000   0.0000   3.2872  34.5860  27.5498
